,business_id,name,city,state,stars_y,0,1,2,3,text
0,-RQCdTsH5rkG702auLcEqA,Hoss's Steak & Sea House,Murrysville,PA,3.5,0.4226084099336842,0.05979805264029405,0.23296988925287226,0.28462364817314956,20
35,-bHpvkmiFzm_swHLYsGiqw,Ken Stewart's Grille,Akron,OH,4.0,0.30686942255590366,0.05511373249011728,0.3518255439947261,0.2861913009592531,88
152,0YA3RpY5KXcezPXcjdfOGQ,Pittsburgh Steak Company,Pittsburgh,PA,2.0,0.0,0.0,0.23745320969006714,0.7625467903099329,1
158,0gbi6kYiAOnFwfZ_2_dXSA,Hyde Park Prime Steakhouse,Beachwood,OH,4.0,0.23903341393159913,0.057480275435317876,0.2973022198037168,0.40618409082936635,89
273,0grgvnq4GgoY-estWytUhg,Timpone's,Urbana,IL,3.5,0.31894650443048633,0.06854633355643211,0.3441567226917335,0.2683504393213481,61
374,0wUBRqU95D8URo5Ws4r5Qg,Steak ’n Shake,Aurora,OH,2.0,0.28376317916270904,0.14060090340085651,0.2968496670589246,0.2787862503775098,9
421,1HtxtLaFgTeerAuF9Q5jRQ,Lone Star Steakhouse,West Mifflin,PA,3.0,0.1770000815873258,0.09096184426006391,0.342221219895085,0.3898168542575254,11
443,1njD5p7-FvV8uoHzwiVYCA,LongHorn Steakhouse,Mentor,OH,3.5,0.1793186099413793,0.03031109452935091,0.30103538284346726,0.48933491268580254,22
485,1p6qHrapvuKpbZGLT9qskw,El Patio,Champaign,IL,3.5,0.3586049362605701,0.06162453317422721,0.4395512500807719,0.14021928048443086,28
528,2MnNaZcNG_2whC9NyL4qgA,Mulligans Pub and Grill,Avon,OH,3.5,0.4475249382803156,0.0920387024662964,0.36413601625256786,0.09630034300082016,46
614,2U3KaC0sIFeugvSm0c2fJA,LongHorn Steakhouse,Medina,OH,3.5,0.17234141602562902,0.031307469762890366,0.5033206331851741,0.29303048102630663,18
644,2vzUzl31fFLHKhM6px-rbg,Mariner's Inn,Madison,WI,3.5,0.1579144877525019,0.10478341854307327,0.3590868445437206,0.3782152491607042,41
723,2zx0Pt5OeHhjAZoNRqYTog,Fuegos - Steak Tapas Vegan,Madison,WI,3.5,0.33508021513752223,0.07701106932769196,0.3442453400564653,0.24366337547832057,145
943,30ibZa6RLsrdhmCUeoS7tQ,Texas Roadhouse,Pittsburgh,PA,3.5,0.25108257332320977,0.020840739453209158,0.3507276910508978,0.37734899617268336,47
1027,33aNXOprvIR-rtxKTUNBbQ,LongHorn Steakhouse,Copley,OH,3.5,0.10308048833314745,0.05053269659994401,0.38187791914099456,0.4645088959259138,20
1065,3R6UGi7SU-rHc8FO2VZ29Q,LongHorn Steakhouse,Strongsville,OH,3.0,0.32674545803190624,0.003943927418611252,0.3278824114619523,0.34142820308753014,21
1113,3YrySY6jiAJO1N7LbjsI_Q,Bianca's Ristorante Italiano & Lounge,Brunswick,OH,2.5,0.3838645893136228,0.004763917036419418,0.4404338110069945,0.17093768264296333,13
1146,3jKaeGaw_iVz1oEqpoRqsQ,Applebee's Grill + Bar,Stow,OH,3.5,0.47093455574990717,0.025416322054316324,0.39242482932256084,0.11122429287321564,9
1162,3rlMsFJE8MjHE4K2ABkQFw,Tavolo 72,Middleburg Heights,OH,3.5,0.36216031152994,0.11712755969725243,0.434907310654492,0.0858048181183156,9
1177,47me-6Zme7RYR0zEonfaHg,Texas de Brazil,Westlake,OH,3.5,0.3804878479800689,0.021940073812055125,0.3188325377384725,0.27873954046940336,81
1297,4ZalERS8GVHK_1ULa86rMQ,Rex's Innkeeper,Waunakee,WI,3.0,0.37583234668156984,0.14115982774679148,0.2707083183040047,0.21229950726763405,17
1335,4hJHSMKyKJRl50k9EM6jkA,Mantini's Woodfired,Pittsburgh,PA,3.0,0.47027938688445653,0.022931528504725126,0.19690666367776222,0.3098824209330562,6
1349,4sRJvmKh43AqMRrjdwEdwA,Texas Roadhouse,Bridgeville,PA,3.0,0.2806407627095982,0.03469325997737144,0.3677447100357954,0.3169212672772349,47
1439,530DtHanJc-S-rNh7dtoXg,George's Chop House,Madison,WI,3.0,0.5807580345662415,0.0,0.0,0.4192419654337584,1
1442,54kfE6vauORUVUifLagkXQ,Hyde Park Prime Steakhouse,Cleveland,OH,4.0,0.2045910441971627,0.04292893561308411,0.33660178421956266,0.41587823597019036,60
1517,5QVozBk6HVJZHA3W-s7aDg,Corkscrew Saloon,Medina,OH,4.0,0.24727184000757177,0.05540475030198715,0.44480378534418114,0.2525196243462602,93
1640,5YyLWps6xL372Lj2hRlPQw,Quaker Steak & Lube,Sheffield Village,OH,3.0,0.5382090777877336,0.06097503017131769,0.2625358301388447,0.13828006190210393,28
1711,62b0uHo9uaSsoOMQFG55jg,Sammy's Famous Corned Beef,Pittsburgh,PA,2.5,0.6588353139877112,0.09352984140611739,0.051385729294398844,0.19624911531177253,4
1722,6AwirUhnpzMZynePZbrdBQ,Delaney's Charcoal Steaks,Madison,WI,3.5,0.16935630197163423,0.08966504045536762,0.36102683445421024,0.3799518231187879,61
1814,6IZuuJdMqjNVTvOVRxoJ-Q,The Wooden Nickel,North Huntingdon,PA,3.0,0.18344927587151544,0.07476754703989547,0.46289846796395295,0.27888470912463614,13
1841,6RmdqLK1H5aodAA8t7Yl2A,LongHorn Steakhouse,West Homestead,PA,3.0,0.22325563436295706,0.04049308550463302,0.27671479329713805,0.459536486835272,56
1952,6aZlyyCp6l4xmjIu0E8_WQ,LongHorn Steakhouse,Avon,OH,3.5,0.11583438214997403,0.014260647151764751,0.49974479141304107,0.3701601792852201,5
1960,6keyv1LcbzdD8MCrRaA0nQ,Outback Steakhouse,Madison,WI,2.5,0.2783867770439558,0.03632979289156865,0.29487076079953617,0.3904126692649394,24
2041,6okGKL2PA7kkc-GjZzNHnA,Johnny's Italian Steakhouse,Middleton,WI,3.5,0.24422492364954898,0.0627642047869457,0.3257507743615908,0.3672600972019147,144
2270,6sCdVRtmhJgNqKh9Vx6JXw,Tavern At Twin Lakes,Kent,OH,3.0,0.3408408246876686,0.03748646335067022,0.38757054386854384,0.2341021680931174,28
2316,6wwz7b5xehEilPx98ZnZtA,Outback Steakhouse,Parma,OH,3.0,0.20766683591314825,0.06571199981457115,0.3131760040321941,0.4134451602400865,25
2380,795wIi2-x9RfndhVo0byaA,Steel City Steak House,Monroeville,PA,2.5,0.3266687583637017,0.10686874180239131,0.34470942750071215,0.22175307233319475,11
2415,7ED5DPk40iqlMpK1E7XoOg,Ferris Steak House & Tavern,Rocky River,OH,3.5,0.21833593214807326,0.027567939056786627,0.42018859675856896,0.333907532036571,53
2507,7JOo6MO-bJMhfXobJG7SRQ,Timber Lodge,Medina,OH,3.5,0.20663717728680173,0.02341963002370164,0.4138927047509158,0.3560504879385806,148
2722,7Vi4T2E5ePOkNifyr2t6cw,Parker's Grille & Tavern,Avon Lake,OH,3.5,0.26141118433622806,0.07349646030353803,0.3731801292429793,0.2919122261172545,64
2816,7bQU0QI_YID3MgZirZHmSg,Jekyll's Kitchen,Chagrin Falls,OH,3.5,0.31641807933575894,0.029428670167953926,0.38739071347155574,0.2667625370247315,131
3024,7bSE9GOvftLyvwvyz9XJoA,Applebee's Grill + Bar,Pittsburgh,PA,2.5,0.255371783954344,0.05527619976384859,0.37133177026579667,0.31802024601601075,20
3077,7ddnq3YQSKguGK15etqGLQ,Ditka's Restaurant - Wexford,Wexford,PA,3.0,0.2611958768046298,0.010396180661121229,0.2872602186210163,0.4411477239132327,9
3102,7eLUaZwipH_uwfvv-_WafQ,Red Wheel Restaurant,Rantoul,IL,3.0,0.333121477942574,0.056304329449389415,0.31224586143166233,0.2983283311763742,11
3131,7ndalFukYiEalNeN4eL9vQ,Texas Roadhouse,Pittsburgh,PA,3.0,0.3080303419673619,0.02418429851612399,0.30312449523615315,0.36466086428036093,23
3182,8-EVsgJWjva29XMuVW2gPA,Nouveau Bistro & Lounge,Concord,OH,4.0,0.33270380609689104,0.0502974427650592,0.3079868417870771,0.30901190935097256,46
3237,88_7allgDYlxedC9jP1j6w,Applebee's Grill + Bar,Willoughby,OH,2.0,0.23839391673874047,0.01790727803433639,0.5381445524666487,0.20555425276027448,7
3274,89-bwvH5mWWOOb00VTUyFQ,Applebee's Grill + Bar,Savoy,IL,2.5,0.34692586298234085,0.039742626942596615,0.3879981109147113,0.22533339916035128,7
3305,8B7A5KqrrbxOlCX66hqfOg,McCormick & Schmick's Seafood & Steaks,Pittsburgh,PA,3.0,0.4151391775032306,0.04608198818930064,0.23979929237411907,0.2989795419333499,69
3479,8GVGzFgTKNfPixL143Zadw,Texas Roadhouse,Stow,OH,3.5,0.2328705346367591,0.027924734850958047,0.3854428726920365,0.35376185782024616,48
3552,8hwbcCNUv345Kw1xfOCcWg,Brown Derby,Cleveland,OH,3.0,0.23966052514077396,0.05263700185061767,0.2522378704841782,0.45546460252443033,28
3616,9JUynLfWPwe1X9gsJS6FTA,Cleveland Chop,Cleveland,OH,4.0,0.3156238892259415,0.07013079769488204,0.267496439692574,0.3467488733866026,214
3933,9ismhhkIPREHOo8tJi0ETA,Ruth's Chris Steak House,Middleton,WI,3.5,0.2304764719444016,0.04237048525991152,0.311369912357801,0.41578313043788606,59
4056,9lDpO8fpgZKd18yskBM3Zw,Diamond Men's Club,Cleveland,OH,3.0,0.32722588212705356,0.021703308202104848,0.4821491252278565,0.16892168444298514,8
4073,9spk8K9pg5HdDNMNxAlGwg,8 Seasons Grille,Madison,WI,3.5,0.41081617227683864,0.057872869528459554,0.33938498403839457,0.19192597415630727,31
4121,AEUzqUECmLCrPkIS9ryDCw,Applebee's Grill + Bar,Lyndhurst,OH,2.5,0.31284234135422867,0.020018046567787273,0.3484955785600267,0.3186440335179573,7
4158,AEoWScs-gYsXSUUmDbseFg,The Cabin of Willowick,Willowick,OH,3.5,0.25061976849323486,0.04445769226071544,0.29255214812858144,0.4123703911174682,49
4241,AtWI6XjqFrPEV7M5WvmwHw,V & V scratch kitchen,Finleyville,PA,4.5,0.29455244344120945,0.08059616541852843,0.40023323109233483,0.22461816004792723,100
4352,B0JdEQoQjr9oka-_YyGZ8g,Outback Steakhouse,Pittsburgh,PA,2.5,0.15715265066278364,0.057965359112349485,0.28874738552578305,0.4961346046990838,25
4446,B46YpcGGZ5nBjGLzSJLVbA,Steak Escape West Towne Mall,Madison,WI,4.0,0.20262989241882987,0.020518144612344656,0.5332899542860138,0.24356200868281166,3
4450,B57-WztEVG1oWzIRkhqZmA,Casey Jones Tavern,Cleveland,OH,4.5,0.6884186306299588,0.054584481996254895,0.12160494466890669,0.1353919427048796,2
4453,BiMWzRn7ppT_zgoY37yNVg,Lanning's Restaurant,Akron,OH,4.0,0.16075723010167423,0.07354087004471507,0.3358222498630313,0.42987964999057954,45
4515,CNklj3fFmwXL13AyvjfV5w,Ann's Chophouse,Bethel Park,PA,3.5,0.27545814405980223,0.029292634567771567,0.35905582011848497,0.3361934012539413,21
4551,CZjWBiv0U0UFELpJ-UDUfg,Rodizio Grill,Cleveland,OH,3.5,0.4281493507254046,0.016066504529802295,0.31463285671447777,0.24115128803031533,20
4590,C_-8AEMAJG6MvE3b6ou-ow,Texas Roadhouse,Pittsburgh,PA,3.5,0.3061554325117735,0.02433834399111971,0.3768397126201342,0.2926665108769726,26
4628,CgsUUVwL8EBqcHFxrtkFtA,Quaker Steak & Lube,Mentor,OH,3.0,0.4705538368301792,0.10068085442969694,0.31285775216326217,0.11590755657686184,37
4705,CpNMXASiwtJv5eCDf0n63g,Alexander's Steakhouse,Champaign,IL,3.0,0.35558126695143205,0.037659418898170274,0.20166395482111132,0.40509535932928636,38
4786,CsbNmQqu9dKFrgcIItevYA,Revel,Pittsburgh,PA,3.5,0.33016086021957497,0.09874345186649207,0.3322199848837819,0.238875703030151,143
5033,Csj88GuxCXO-24VQraitHQ,Applebee's Grill + Bar,Brunswick,OH,2.5,0.21747834482930178,0.0,0.5491774652164635,0.2333441899542347,5
5053,CySpYWrovIOGh7hdz9ahOQ,Dragonfly Lounge,Cleveland,OH,4.0,0.6227303883421631,0.03665427631147565,0.22759724247870744,0.11301809286765388,20
5081,D6KoYvnmWswZJjdGm0uiqA,Girves Brown Derby,Cleveland,OH,3.0,0.24754498221952304,0.017304214481519222,0.30012773190140296,0.4350230713975548,27
5151,DD5TD5JA9cHQTDtzKUzhyg,Watertower Chop House,Sun Prairie,WI,3.0,0.3443719239214807,0.07173157089372088,0.2693012948309832,0.3145952103538152,30
5208,DMRaPL6SnA_RX7yY6rprhQ,Steak On a Stone,Copley,OH,2.5,0.36859397957926643,0.04924310311298387,0.036680354238816465,0.5454825630689332,8
5234,DzVv_g6xsLbMh66HtiZK3A,Coal Hill Steakhouse at Grandview Saloon,Pittsburgh,PA,2.0,0.30481027231555863,0.06187768399142012,0.3904077089526757,0.24290433474034553,15
5300,EXIZwIxLoiPDJs-oKzgaKw,Steak ’n Shake,Cleveland,OH,2.0,0.32977743449898156,0.09879838003888519,0.3129778881165034,0.2584462973456299,10
5360,Ef0WLuzSbnSuIKu5i-Z2_g,Outback Steakhouse,Moon Township,PA,3.5,0.2078390043102025,0.03199094238483729,0.3944798970568234,0.3656901562481369,29
5407,Es0JayHVN_XPn1q5yFtn6g,Pittsburgh Rare,Pittsburgh,PA,2.5,0.4136234245325049,0.0,0.07914771108695356,0.5072288643805416,2
5416,EsjY-B1wh76hK6G6deH1hw,Prime Rib Steakhouse,Cleveland,OH,3.5,0.13923463286482995,0.027870302381984936,0.4695149371030689,0.3633801276501162,8
5432,FZmvSCnBcVXiX08lmGhakA,DeBlaze Grill,Bridgeville,PA,4.5,0.2932449086357514,0.08231542017231809,0.31791930815612385,0.30652036303580654,39
5479,GDWZh4LMDiUXHcZV3XJRww,The Groove Cheesesteak Co,Pittsburgh,PA,3.0,0.453991543991608,0.16649554225503813,0.14621808611064863,0.23329482764270532,38
5558,GatUelEiMO2tShY16y6Zrg,Applebee's Grill + Bar,Garfield Heights,OH,2.5,0.30655737562851,0.20029878344683907,0.30624791588236583,0.18689592504228517,6
5573,H-wMVXewXX8DmY7uF2pwYA,Cork's and Stubby's,Amherst,OH,3.0,0.32348943888387505,0.1055932113707114,0.35104993826459174,0.2198674114808219,16
5603,HBX4hBNcOYwAJ2kAWebtbA,Texas De Brazil,Woodmere,OH,4.0,0.4184578313345056,0.011203610619021379,0.326052704356497,0.24428585368997596,105
5748,HO__o8ndEqZS84voSZZONQ,Girves Brown Derby,Streetsboro,OH,3.5,0.22128712523231528,0.02841642420923512,0.3277130707025026,0.42258337985594707,66
5844,HOgLMfPB11zz7BsYkFSz0g,Baba's Supper Club,Sun Prairie,WI,2.0,0.0,0.0,1.0,0.0,1
5848,HPGepGRhJv-xYcPMIEhTMA,Creo's Steakhouse,Akron,OH,2.5,0.24921669992105588,0.0066793427051178465,0.37091850065404347,0.37318545671978276,6
5864,HUTDbniG4URIGfkP8e_cfA,Quaker Steak & Lube,Cleveland,OH,3.5,0.41216553119948496,0.08395891970623261,0.3199388881701467,0.18393666092413577,21
5908,HlYzk84INQaNslFT-lyBFw,Applebee's Grill + Bar,Madison,WI,2.0,0.3257796054217685,0.07916235601694792,0.32710446110990404,0.26795357745137954,11
5960,HsAVVdyrzSPORCrpHbMg9g,Nineteen10,Kent,OH,3.5,0.26423963995726496,0.029397115100048294,0.4221351492900915,0.28422809565259527,7
5972,I6ocB-D9EAlk3Y9xGll1qA,Taverne Of Richfield,Richfield,OH,3.5,0.3129193556109873,0.1096701758988432,0.3170180173855131,0.2603924511046562,35
6038,Im0hMcWaqWIzuBM8xILDsA,Trivs,Strongsville,OH,4.0,0.26681178928755006,0.033726064800045,0.40757688691657984,0.291885258995825,93
6146,J4fxdRNWmqckOHTPJocWEw,ML Tavern,Moreland Hills,OH,4.0,0.23132795685060425,0.017381029285365952,0.386275117766873,0.3650158960971567,58
6221,JBkc2Xof8yietmHQLs62aQ,Eddie Merlot's - Pittsburgh,Pittsburgh,PA,4.0,0.1782453336112803,0.03795464221349273,0.34171762756898827,0.44208239660623877,165
6441,JKAYcu_1UPHTyquCZCKPaw,Strip,Avon,OH,4.0,0.1787124510352179,0.06145792745065011,0.3075334562699547,0.45229616524417743,191
6685,JLbgvGM4FXh9zNP4O5ZWjQ,Meat & Potatoes,Pittsburgh,PA,4.0,0.41103242884047625,0.07493278472911277,0.25864691546372764,0.25538787096668286,1641
8721,JMahS85NWAXQuyGLx3UlQQ,Inn Place Restaurant,Imperial,PA,3.5,0.32657826346191393,0.006730356678103409,0.2194128808039971,0.44727849905598543,5
8729,JW7-UF3cdQIo-HAiK29HUQ,Palmieri's Restaurants,Plum,PA,4.0,0.24803880514096363,0.08985353569860004,0.44925822822391204,0.21284943093652428,14
8746,JhxI7oS_jsFnq34dDubugQ,Ferris Steak House,Cleveland,OH,3.5,0.16647517790444666,0.0,0.3687979950460947,0.4647268270494587,5
8755,Jqd8QeYoBxJvYxhG0Lekyg,Texas Roadhouse,Willoughby,OH,3.5,0.28283657102957677,0.03243172713323808,0.3121820714886232,0.372549630348562,55
8846,KBBXaD0FXDTpFuTuSJ6yHA,Applebee's Grill + Bar,Pittsburgh,PA,2.5,0.38251316538187,0.04299516722268742,0.24876498079429205,0.32572668660115056,9
8875,KGpsB2dsdkxl8SGVUlJbZw,Outback Steakhouse,Champaign,IL,3.5,0.20819632884687705,0.025092641431132386,0.31562579764967463,0.451085232072316,29
8933,KK5Hvy2JNjXpdO_zHA_LCA,Prime Quarter Steak House,Madison,WI,4.0,0.39098401749686656,0.04820792065676195,0.05527523412484189,0.5055328277215295,25
8964,L95ppCbcWAt4LUWrCiEvPg,The Capital Grille,Pittsburgh,PA,4.0,0.15828220233691762,0.04839903675165356,0.3520860826726002,0.44123267823882856,252
9283,LFdlt3HzTGGvzgfwzYjCVw,Pacers Sports Bar & Grille,Mentor,OH,3.5,0.3954473983931798,0.15286189084891344,0.25473145239944983,0.19695925835845696,14
9306,LJwS9epPXXvzel7bZ616Gg,Marble Room Steaks and Raw Bar,Cleveland,OH,4.0,0.22199622593582977,0.046388421541745294,0.43125382924060096,0.3003615232818239,215
9579,LWk7Q5CTjpK-k_TfXdbApQ,Brasa Grill,Cleveland,OH,3.0,0.4418554815599303,0.015812440188949953,0.23328772600802367,0.3090443522430959,78
9744,LkbZSfAvVd7yAogbya_uaQ,Steak on a Stone,North Olmsted,OH,3.5,0.4137379771807162,0.00026340904829662406,0.17258842989647685,0.41341018387451023,13
9762,Luv7Vq5SbnkHyN3X1ZM9yw,Applebee's Grill + Bar,Stow,OH,2.5,0.23306896028561688,0.10481031405922264,0.6162215468621564,0.045899178793004154,6
9777,LwyHsVK0koh-N-FwqY1N1w,Osso Farm Restaurant,Chardon,OH,3.5,0.43142700723110705,0.012714068777893673,0.4260546038907833,0.12980432010021595,7
9791,Lyn5sYu1rfxdmntbaOoZJg,Rivers Casino,Pittsburgh,PA,2.5,0.7217025621660784,0.017302037599333252,0.17189062401591343,0.08910477621867482,92
10067,MASMoYbcWPQ_eLjzaujZiA,Applebee's Grill + Bar,Akron,OH,2.5,0.4065316231992802,0.03720333560649403,0.3477223913342586,0.20854264985996718,7
10091,MPSPlwGM11T9yq9rNBIkog,Nicky & Smitty's Deli Restaurant,Aurora,OH,3.5,0.37007949566910575,0.06093216182288918,0.4178947565153408,0.15109358599266423,30
10136,MQXFdfDb1UjrZngnjslmhA,Outback Steakhouse,Macedonia,OH,2.5,0.13707794258717032,0.047051900255150804,0.3098097895069819,0.46258210678113165,23
10220,Mb4V2aPneclZZ8BfZUjWGA,Ken Stewart's East Bank,Cleveland,OH,3.5,0.2771607251535221,0.016729108932096053,0.29426872552174627,0.41184144039263565,38
10281,MdR6htOIm-LF051qUCKmGg,Pittsburgh Chop House,Pittsburgh,PA,3.0,0.09044959483815171,0.026418944442528004,0.0,0.8831314607193202,2
10285,MesBAxNk_M7ISbBmVDiiWQ,El Torito Taqueria Bar,Lakewood,OH,4.0,0.34907498000599924,0.04052879503482037,0.44834455870548073,0.16205166625369946,125
10440,MgScNgEPoNExpCOwcgQR3g,LongHorn Steakhouse,Rocky River,OH,3.0,0.18182126740307966,0.04728437648065843,0.27877622122671863,0.4921181348895433,31
10504,MothxPy-ZoFcCdoVGw2hDQ,Applebee's Grill + Bar,Tarentum,PA,3.0,0.21555616587169063,0.01235640667015163,0.43005825975904494,0.3420291676991128,7
10522,NSzhahVpI_B32snhJHM0HA,Texas Roadhouse,Champaign,IL,4.0,0.2911604233605358,0.02969440047407372,0.34982494009604576,0.32932023606934463,73
10628,NXTsT01IVpKYPpa_1L-Rlw,Applebee's Grill + Bar,Madison,WI,2.0,0.3010093486916175,0.038720134217926555,0.34620573353475553,0.31406478355570033,11
10696,NmGY7zhoEUqO_0KxvBocTw,Local Tavern,Painesville,OH,3.5,0.3270848912156619,0.10490241346940443,0.33864345843019866,0.22936923688473507,41
10752,Nz0MchMpTVYmJbijeBSVew,Outback Steakhouse,Cuyahoga Falls,OH,3.0,0.13806952530809427,0.09824671413876261,0.4638310872081458,0.2998526733449973,15
10787,OHKLSUanPcaAQMYkHDBdSw,Applebee's Grill + Bar,Cuyahoga Falls,OH,2.0,0.2578940809918663,0.16961649437699486,0.40327224645876303,0.16921717817237578,4
10812,Occo0_pOXAUG-eL6gazeGQ,Applebee's Grill + Bar,Cleveland,OH,2.0,0.2857077779828317,0.06137784137676171,0.45668611639145573,0.19622826424895082,9
10850,PBmfdx-tC2D54FI3HtcKww,The Ribeye,Champaign,IL,3.5,0.299907105566738,0.028923199158123063,0.23133937874770974,0.4398303165274295,46
10931,PF8HqToO6An0mH6odFoCEw,South Philly Steak & Fries,Pittsburgh,PA,2.0,0.5527288199219756,0.23391425470165675,0.08186211708167773,0.13149480829468987,3
10942,PFr2uIXNFKya1Fy46dW-zg,Ken Stewart's Lodge,Akron,OH,3.5,0.24588409178162343,0.026946542785363264,0.4095355664681779,0.31763379896483535,51
11027,PKjdnTWQSygpOjlWl8VzrQ,Whistlers Kitchen & Bar Wood-Fired,Avon,OH,4.0,0.2691279527917102,0.11413618642186509,0.3688150500253732,0.24792081076105132,44
11079,PV9CdNFDOX4_zWm3Sy3W8g,Quaker Steak & Lube,Middleton,WI,3.0,0.49688764527662715,0.11419456654116167,0.22375727097315407,0.16516051720905725,63
11213,PXJkqZGaC5qxhJTVQodN_w,Harry's Steakhouse & Banquet Center,Independence,OH,3.5,0.1992902532633684,0.06299218952822071,0.31746199265736097,0.42025556455104995,67
11329,PeATTp15Y_ExaN6mR1dmKw,Quaker Steak & Lube,Pittsburgh,PA,3.0,0.46332509516743026,0.11760383637412915,0.2295547684304833,0.18951630002795714,55
11458,PmWiJxGzwQY6ErclQwtRuA,Outback Steakhouse,Akron,OH,2.5,0.1622717246358938,0.010825746454762098,0.523085045680088,0.30381748322925606,20
11528,QH2wRpTM0rtEJWgiPWhzqw,Fyfe's Corner Bistro,Madison,WI,4.0,0.4960683728427274,0.03658489954530051,0.30523029000072555,0.1621164376112465,2
11531,QJ1YpQLVuentjgTQqNqqpw,XO Prime Steaks,Cleveland,OH,3.5,0.15515294205564673,0.032953155897370474,0.29978406358360815,0.5121098384633748,119
11729,QToLw4ijAdErQ906aqr5aw,Nemo Grille,Avon,OH,4.5,0.21920920018955906,0.03511757541282916,0.45482521579348645,0.29084800860412513,117
11866,QUvT1bLQ1qBxkWhLUa_FBA,Don's Pomeroy House,Strongsville,OH,4.0,0.2512039888783697,0.04049123892502436,0.3886062863683188,0.319698485828287,109
12019,QYcsP3e-HRQYC4Iw6zbyqw,Charleys Philly Steaks,Elyria,OH,2.5,0.09010717930287303,0.2007059483006534,0.4370264551553424,0.2721604172411312,3
12030,QqbZA4r5g1vCbOxOAKJgWg,Tessaro's,Pittsburgh,PA,4.0,0.3651707877451824,0.28650530352791187,0.1761139606793212,0.17220994804758452,309
12475,Qw45ZqhBR0VI5_cI60SgeQ,Fleming's Prime Steakhouse & Wine Bar- Akron,Akron,OH,4.0,0.179213623258082,0.02388320983106204,0.43585737003439917,0.36104579687645694,85
12586,Qz4JzvZ_0_2TGTWPTE7XSQ,Steak on a Stone,Willoughby,OH,2.5,0.33448369748675066,0.017173157886683756,0.4201801040473118,0.2281630405792537,6
12606,RG2IGb4LwbxUwCW3iooYDA,Otto's Restaurant & Bar,Madison,WI,4.0,0.2868479071481723,0.07364487263982276,0.33482836668357213,0.3046788535284329,78
12700,RJNAeNA-209sctUO0dmwuA,The Old Fashioned,Madison,WI,4.0,0.19333652851989389,0.5959337923167296,0.160798293628779,0.049931385534596806,1489
14595,RPe_cSOxq_qkG-LbxBlOyw,Hyde Park Prime Steakhouse,Pittsburgh,PA,4.0,0.17512701918090323,0.04180412267246522,0.30170430732602005,0.48136455082061136,162
14824,RSndNUTD8MpDQiotoTS29A,Steak N Shake,Tarentum,PA,2.0,0.12420557276143657,0.0026569748311704756,0.7132077305019328,0.15992972190546026,1
14837,RcsfZ7IrWSNvM1AYcLmWNw,Steak ’n Shake,Tarentum,PA,2.5,0.31403539238916955,0.07358539149638753,0.4995703096070584,0.11280890650738463,4
14848,RfM6jDn16Qf8eVz2vJTdbw,Henry Wahner's Restaurant & Lounge,Kent,OH,3.5,0.2955608105024834,0.06992399725144462,0.31297556684615735,0.32153962539991454,43
14907,Rii85bzYKGC9P0zOyAem6A,Texas Roadhouse,Brooklyn,OH,3.5,0.2217836380311835,0.030262398037470967,0.3280617655363333,0.41989219839501196,81
15026,S5OyMT8iK7QzVKZPtI2k1g,Girves Brown Derby,Medina,OH,3.5,0.20834948972556563,0.03452034398586951,0.3158199189192104,0.4413102473693546,60
15110,S7ECG2HNltSWFo1FcFTwFQ,Outback Steakhouse,Pittsburgh,PA,3.0,0.1945513848093712,0.06447198485353003,0.3774911197270841,0.36348551061001466,21
15156,SNNrb5T4dn3DMq410HIpxw,Gamekeeper's Taverne,Chagrin Falls,OH,3.5,0.33274023844365536,0.0445471085690409,0.3443722032496036,0.27834044973770017,57
15250,STr9xDBZ9OOvgRZSJTbshQ,Brown Derby Roadhouse,Akron,OH,1.5,0.2912611534740287,0.18438272144404702,0.3380397027909157,0.18631642229100862,1
15258,SvxSoyZn0WW0c7bFLIYfMA,Baxter's American Grille,Champaign,IL,4.0,0.23321296985282866,0.060535682305680585,0.36497029420983995,0.34128105363165073,53
15324,Szl3MsKnwryJGYuPRPMaIg,Applebee's Grill + Bar,Pittsburgh,PA,2.0,0.3554045719747958,0.053746469368747295,0.3705990055462499,0.22024995311020698,5
15359,TNV-nSWQ_pN6wrMwAgxSkA,Mc Govern's Club and Restaurant,Sun Prairie,WI,3.0,0.33648202127141674,0.16257772811726554,0.3388763798134113,0.16206387079790646,6
15376,TNgqPThc9_MwgSIdsZIUjQ,Delmonico's Steakhouse,Independence,OH,3.5,0.21694968131679018,0.028628571986049844,0.31879678004969386,0.43562496664746586,96
15522,TUZTu3dQxSxSIKRMkHQrsA,The Overlook,Kent,OH,3.5,0.40939149723095614,0.07555803763202654,0.27981250020221426,0.2352379649348031,8
15535,UCJpL9VFk3g1B2gjRlLy_g,Ditka's Restaurant,Pittsburgh,PA,3.5,0.195739738951363,0.05142436278317675,0.30397880046534176,0.44885709780011873,169
15783,UDqYqhDaW96-y7l79VMODw,Applebee's Grill + Bar,Pittsburgh,PA,3.0,0.44466087735378845,0.07127520768359966,0.14135827180146987,0.34270564316114216,14
15812,UXRaY-AuZC9nguDXlcLvcg,Johnny's Italian Steakhouse,Sun Prairie,WI,2.5,0.34216915853202823,0.04134466507146319,0.3442982765010257,0.27218789989548303,23
15871,UqbnR83EtBOWK6unSZkeLg,Fogo de Chão Brazilian Steakhouse - Pittsburgh,Pittsburgh,PA,4.0,0.37883742983383334,0.012206691295403685,0.36040332213718584,0.2485525567335767,166
16090,UtMq05YrY37Hb9Oe4z0dYA,Sérénité Restaurant,Medina,OH,4.5,0.143527168088131,0.0806500843105898,0.473089467975192,0.30273327962608726,33
16125,VDn6tM_Q_08CVuNHSUH4Lw,Lakewood Village Tavern,Lakewood,OH,3.5,0.7522069906652438,0.016133700451574973,0.21445589697542816,0.017203411907753163,8
16139,VQGetWNN1f0dMWQ6ehDAVg,Morton's The Steakhouse,Cleveland,OH,3.5,0.2164032885741769,0.027845242519442138,0.34912779679723366,0.4066236721091472,53
16248,VUrhzdgDpFi1K6zl9VuizQ,Hoss's Steak & Seahouse,Coraopolis,PA,3.5,0.26987761371219793,0.0,0.6018892285861313,0.1282331577016709,2
16253,VVPwQdO6g9DHCgdBCIlBsw,Applebee's Grill + Bar,Strongsville,OH,3.0,0.3456306221305162,0.017723325867373425,0.4173372477682307,0.2193088042338797,16
16286,VYpXvGPkx2k0lZlGry3HQw,Coach's Club,Cross Plains,WI,3.5,0.33548685503731196,0.253277014545739,0.24314793652708064,0.16808819388986837,15
16314,Vj1_2pERP4QRALtERvXFqw,Porter's Steakhouse,Beachwood,OH,3.5,0.12678415431645126,0.0,0.4560041238833544,0.4172117218001943,4
16321,VobZRj98tDH7AaojYJD8Jg,Applebee's Grill + Bar,Murrysville,PA,3.0,0.4065145772765428,0.07844227810135204,0.3249042866591291,0.19013885796297597,7
16343,VtmG4MjDQ2rz6Jdi38gg-g,Blake's Seafood Restaurant and Bar,Westlake,OH,3.5,0.3945647101500153,0.002990685973672397,0.36729634015558077,0.2351482637207316,5
16351,VwCtpOYiCKA5VXbKZhCSVA,Morton's The Steakhouse,Pittsburgh,PA,3.5,0.18514515541522988,0.013732269113587346,0.2848178001942192,0.5163047752769638,79
16470,Wj-73Uu3U79CGK_H_kyAsg,Quaker Steak & Lube,Pittsburgh,PA,3.0,0.5226366030187721,0.10156693693890316,0.28919631279584324,0.0866001472464814,15
16506,WpOMfnH8hvUOENVNn9xMsQ,John Q's Steakhouse,Cleveland,OH,3.5,0.17889552194440514,0.049664153525094,0.35471761818196323,0.4167227063485377,15
16534,WwQ0sr3wDk2jCMre_3mS7A,Big Red's Steaks,Madison,WI,3.5,0.3727058997946333,0.37347410993521646,0.04173483127431242,0.21208515899583782,10
16552,X0UQortyd6N6zFBVisY_gw,Feiler's,Madison,WI,3.5,0.31647796993729194,0.3966542900999091,0.11242646991382545,0.17444127004897356,6
16561,XBY5WCikRpzboqwLc8CcBg,Ballantine,Willoughby,OH,3.5,0.458511228406468,0.1091700971002694,0.2943657680356357,0.1379529064576268,64
16672,XTB-U4e2MCDzyRQ1EpPtLA,Lone Star Steakhouse,North Olmsted,OH,2.0,0.16084305520559372,0.09271985581423092,0.294069636323756,0.45236745265641937,8
16713,XTumKkL8Ns3StEvW1nwcow,Fazio's Restaurant,Olmsted Falls,OH,3.0,0.24278663102689685,0.1330673612109149,0.2652058211173495,0.35894018664483873,4
16721,XYmTwXGeDhB5Ol3rpO7mmg,Hyde Park Prime Steakhouse,Westlake,OH,4.0,0.22813896036651082,0.01546315543477155,0.33008402142547305,0.42631386277324446,53
16794,XfO5MZI2lH1U2HsMnIsYzg,Noosa Bistro,Mentor,OH,3.5,0.3176069311005559,0.03506019457541718,0.3429332940295148,0.3043995802945124,83
16914,Xz0HTTnKuf1BW26CmKA8CQ,Charya's,Bethel Park,PA,4.0,0.283400784660754,0.04403204363745128,0.21757714809314546,0.4549900236086492,12
16930,Y1Y5aSg5YUFHkpqUnkydig,Applebee's Grill + Bar,Independence,OH,3.0,0.2618027165992339,0.021840107019848762,0.5462959060266626,0.17006127035425478,14
16967,YEsFk6UHqD66O2m5jmXSYg,O'malley's Rockcliff,Rocky River,OH,2.5,0.3776743423289273,0.08740088010609978,0.15961384573780377,0.37531093182716907,2
16971,YKGb41Io_6mRsm4Bee7aOQ,Firebirds Wood Fired Grill,Beachwood,OH,3.5,0.2786909060316236,0.04033324196097465,0.30332702032303305,0.37764883168436875,68
17083,YbgEzqyH-nngJMZO0dY0iA,Clearview Restaurant & Pub,Akron,OH,3.5,0.3238349715153192,0.07659672590957983,0.3475616912748926,0.25200661130020835,30
17129,YoYL__V3bUF4KluaJ8QO4A,Stonehouse Grill,Westlake,OH,3.5,0.2554577601548243,0.13699824800041757,0.4321137552509751,0.17543023659378304,26
17178,YohEZMYpKrf-3fyPASKLew,Texas Roadhouse,Madison,WI,3.5,0.3021265772703687,0.03495459870618055,0.3772587689493869,0.28566005507406383,72
17312,Ywdy4YARQK1ZWOCDzZDi-w,Sarava At Shaker Square,Cleveland,OH,4.0,0.3762495627599581,0.07325546398225949,0.3382135086464454,0.21228146461133712,33
17356,ZalWvpZ4Tv4AMHtHG0DwrQ,Square 22 Restaurant and Bar,Strongsville,OH,4.0,0.27856876497852756,0.03661549966868715,0.36860990066169563,0.31620583469108954,91
17492,ZeN8xHEhsPS-amDyZSYJ9w,Ruth's Chris Steak House,Cleveland,OH,4.0,0.18440091982346857,0.059591451298366266,0.31029805564937457,0.4457095732287908,59
17576,ZvEJiX8HBIForfbHOfqpmQ,Skyvue Restaurant,West Mifflin,PA,3.5,0.3358285273423368,0.04641461209461971,0.40596215783646283,0.2117947027265806,28
17621,_6b9CtXi4fQqiu2VjCVpTQ,Outback Steakhouse,Madison,WI,3.0,0.17845737010920798,0.07523411081765735,0.2810591416089747,0.46524937746415995,34
17696,_KsRqWzmz3VleuTn-kHsNQ,Steak Eez,Kent,OH,3.0,0.45605970371310567,0.16216362333131928,0.27322682354708744,0.10854984940848761,4
17703,_VHU9KZUHRLp2Hc2JOKlYg,Cioppino Restaurant & Cigar Bar,Pittsburgh,PA,4.0,0.35325215305591134,0.04218007575099262,0.3337772959240066,0.27079047526908945,155
17906,_XVHWZ_epQZkDxg1alyD-g,Brown Derby,Mentor,OH,2.5,0.2048367019683077,0.035844286730241384,0.31690541801408484,0.44241359328736596,19
17949,_dcX-gXs3VxTBmURWdnTOw,Buck & Honeys,Sun Prairie,WI,3.5,0.3257719280131849,0.14988604998415347,0.3348436497582433,0.18949837224441846,142
18171,_ta7UaBqMTcF25JZy_5YHQ,Applebee's Grill + Bar,Macedonia,OH,2.5,0.3512874954419159,0.06838145306669123,0.2456735718310264,0.33465747966036646,7
18194,axGP6FXAZlBdmdN9juu1tQ,"Miami Nights Grill, Bar, & Lounge",Westlake,OH,2.5,0.3145309665399832,0.0,0.39958047892977355,0.2858885545302433,10
18220,bJGtHxejEJboO2o_DtaPEQ,Applebee's Grill + Bar,McMurray,PA,3.0,0.37066621064320665,0.10565427116388088,0.20428370846670513,0.3193958097262074,8
18242,binymvD2QxETihoAmHOMSQ,Austin's Smokin' Steakhouse,Cleveland,OH,3.0,0.1968227572029306,0.0737522197757953,0.3520526159926458,0.3773724070286282,25
18303,bkh5o6bCzDCovSkRYBsU1w,LongHorn Steakhouse,Champaign,IL,3.0,0.12833551315696792,0.03423334245384004,0.42193899768811655,0.41549214670107554,33
18376,br_d4kDitXax4QOb6IaXPw,Lone Star Steakhouse & Saloon,Pittsburgh,PA,3.5,0.3627082461887987,0.11971941585500538,0.2094610446994486,0.3081112932567473,3
18381,c3FFDloejdmsPZti7wjR0g,Texas Roadhouse,Elyria,OH,3.0,0.17315616714836296,0.05363653980301928,0.3781152835264364,0.3950920095221812,23
18425,cAX-srNrvlifjfov_jpQ1w,Texas de Brazil,Pittsburgh,PA,4.0,0.41221558236664124,0.017988918105078834,0.24823844557351282,0.3167026850227278,206
18725,cOAjHOGcmXWJEd1Xo3xt0w,XO Seafood & Oysters,Beachwood,OH,3.5,0.1382717812647447,0.008152686261699627,0.36790393798950377,0.4856715944840517,19
18758,cpRiIxqubDa4JV58ZR7-cg,Pittsburgh Steak Company,Pittsburgh,PA,2.5,0.25686158810949766,0.043351371514316284,0.17054618063616553,0.5292408597400204,23
18830,cs-bfjBie4uwCW99yZmlqw,LongHorn Steakhouse,Tarentum,PA,3.5,0.18119666402206278,0.047038790853859994,0.2124502262455155,0.5593143188785619,28
18874,d6VYQbeTZ_WdD8Uuhh35dg,Tempest Oyster Bar,Madison,WI,4.0,0.3760719005334265,0.0747833197247279,0.2893513900753943,0.25979338966645116,219
19158,dh1S06LtJqMRRpGcePn5Cg,Zach's Place,Berea,OH,3.0,0.40751955294465386,0.10059094901305463,0.35135534035829996,0.14053415768399152,8
19176,dt5yEGC8yy_V7FAC1AcWdw,Steak Escape East Towne Mall,Madison,WI,2.0,0.11893094248717674,0.250405433512256,0.23642640106820365,0.3942372229323636,1
19180,eF2jf-E5ktRQIh_4_-Jxsg,Cannon's Chop House,Canonsburg,PA,3.5,0.23872599607134612,0.09579029022633968,0.3421754052472384,0.3233083084550757,62
19288,eHgKGBAl8o3VCBi4YrQ3FQ,Applebee's Grill + Bar,Avon,OH,3.0,0.44317514451711415,0.022068438907927358,0.35296338511958836,0.18179303145537026,8
19304,efTPzpiSkxbgNlQOtwyVOA,Medina Steak and Seafood Company,Medina,OH,3.0,0.18775178963576836,0.036269021752957764,0.4482588770675015,0.3277203115437724,11
19322,ewEDv_q-K0fV0FepkHB8sA,Tornado Steak House,Madison,WI,4.0,0.27173817152312274,0.13962928043866318,0.21376476623186677,0.3748677818063468,434
19872,f64hS5UYq102ApvdYUf9nA,Applebee's Grill + Bar,Elyria,OH,3.0,0.19807655223240248,0.014372667603871247,0.6156878432125258,0.1718629369512005,8
19890,f79mtjCKvrBtd5aEtaMTYQ,Buccis,Middleburg Heights,OH,3.0,0.3362238166240387,0.04792800446322066,0.3879758681158451,0.22787231079689566,3
19900,fROpvJ_V9q6dAXbi4VwtoA,The Capital Grille,Lyndhurst,OH,4.0,0.16838280540409514,0.050305989276153616,0.3945800030995026,0.3867312022202487,108
20033,fja2EnaSxKu1D7uctMhw-w,Red The Steakhouse,Cleveland,OH,4.0,0.12255002129924009,0.03476177684059569,0.32372838523347014,0.5189598166266943,181
20272,foQBU09EoYrJpokEz-Ueug,C-Town Grill & Bar,Broadview Heights,OH,3.5,0.6280198873390682,0.003963465890588028,0.3680166467703437,0.0,2
20275,fzL7sTgCYhoSIUpcQ7mrBA,Elliott's BBQ and Steakhouse,Pittsburgh,PA,3.5,0.2691727514983064,0.0455429962783563,0.369544353565494,0.3157398986578433,11
20293,g0APw_zhwwHoLjSlHEsTzw,Applebee's Grill + Bar,Middleburg Heights,OH,2.5,0.2975083034646319,0.10860874276336373,0.44027157897545527,0.15361137479654904,11
20320,g6aWPjcKukfK1-Po70Lhyw,Wonder Bar Steakhouse,Madison,WI,3.5,0.28981295777544436,0.08036442538494071,0.2723139147535535,0.35750870208606134,91
20459,gVrOjfdnijDwxivLTHiBAg,Applebee's Grill + Bar,Lorain,OH,2.5,0.40331869322287184,0.11852461367633449,0.32364307023727407,0.15451362286351955,4
20481,gcS73XxT2xbLSOtRy9yYkA,Wild Eagle Steak & Saloon,Broadview Heights,OH,2.5,0.3633872524009188,0.12435517454423178,0.366299205321812,0.14595836773303753,31
20580,gchI4BdZ76teMX9BsI2H-w,Maria's Family Restaurant,Euclid,OH,3.0,0.37146381071792023,0.006487720537316481,0.6022448042419347,0.01980366450282853,3
20591,gk5zSldov0A3do1q8kLUDw,Lancer's Bar & Lounge,Cleveland,OH,5.0,0.24202280484400135,0.1435471008196722,0.391304896301086,0.2231251980352404,4
20595,gqRfs-c6gx_tcIx63Fx4OQ,Harry Buffalo,Painesville,OH,2.5,0.49572700702904227,0.15412283689970577,0.2165182913882629,0.13363186468298904,19
20654,guQww9yGHP7rRTea6zTnDg,Andrew's Steak and Seafood,Pittsburgh,PA,3.5,0.1781382622945781,0.032546189861639895,0.22935515004995927,0.5599603977938228,35
20720,gv47gtyCkw_8OyexHrqdDA,Rare Steakhouse,Madison,WI,4.0,0.15794661303592908,0.06151601123896184,0.3077917022169565,0.47274567350815255,191
20995,h-d71agFCi1IFWaaxPCwYA,Wise Guys Lounge & Grill,Akron,OH,4.0,0.21094432083381295,0.0561464807581813,0.3420234894063298,0.39088570900167596,23
21026,h-hXxl_9f-QdTYUIx0ar8A,Outback Steakhouse,Independence,OH,2.5,0.1730849211042266,0.030844302043036138,0.38874876466800357,0.40732201218473363,18
21093,hP2DOm7E2H4P7MOS7XN_SQ,Hamilton Walker's,Champaign,IL,3.5,0.25474437372529485,0.05463349606728383,0.36602970934737605,0.3245924208600452,89
21264,hUHIahAcew5i39D_6ZqEmQ,Donatos Fox Chapel,Pittsburgh,PA,3.0,0.2515833039000646,0.0279023442324151,0.24167168325766497,0.47884266860985547,23
21311,hXCoi8OuvdhIA-zXJiPvfg,Full Of Bull Famous Roast Beef,Madison,WI,2.5,0.3295067179521607,0.21271352326420365,0.24488355585813254,0.2128962029255031,8
21338,h_UvnQfe1cuVICly_kIqHg,Johnny Delmonico's Steakhouse,Madison,WI,4.0,0.14637108862103765,0.09158510037050664,0.29569701765392464,0.466346793354531,109
21489,iEYCU5LV6FIr3kpvYltYrw,Cabin Club,Westlake,OH,4.0,0.22535730938333273,0.0229088314613852,0.335153052526325,0.4165808066289572,118
21638,iSOaf_-deg1nIlCm3cuzvg,Capitol ChopHouse,Madison,WI,3.5,0.19467229995970886,0.0960744208395249,0.2726288389149472,0.4366244402858191,37
21712,ijRCz1YX5Ws2UW_2G0Bz7w,Applebee's Grill + Bar,Pittsburgh,PA,3.0,0.31146005349716066,0.15323729356760715,0.2833526495902216,0.25195000334501066,13
21745,j4jsgp-e315s11ehJfRzAA,The Carlton,Pittsburgh,PA,4.0,0.24027185679284732,0.04067080125226691,0.41836376821385945,0.3006935737410264,87
21867,jUddhNjGAE6W7MQKaUEZ4Q,Ryan's,Champaign,IL,2.0,0.4174236767011603,0.03776595814779222,0.25970061413449935,0.2851097510165481,3
21889,jWlErd3TOkO4C0MgP8eDvw,Bella Vista,Pittsburgh,PA,3.0,0.23961352137919661,0.00608829224303668,0.48342383162689073,0.27087435475087596,30
21951,jdIVIQeNBDyYCpFIy52Cgg,Bratenahl Place Bistro,Bratenahl,OH,4.5,0.2596518768473134,0.030075185675765916,0.3863124935169871,0.3239604439599336,14
21966,jqBUVAWJRJ6QIGXVuhdVvw,Cadillac Ranch,Pittsburgh,PA,2.5,0.4168847699607375,0.028205614199657177,0.31569053044547185,0.23921908539413347,68
22182,jzr6jW5cQ0jpPhEo4kGMBw,LongHorn Steakhouse,Madison,WI,3.5,0.17878599564694048,0.06647040250060304,0.43055324682634155,0.3241903550261149,43
22270,k1FNfGvknWVC_GzirQThmA,Outback Steakhouse,Mentor,OH,2.5,0.23545180863890036,0.028251851772274423,0.2929758220990618,0.4433205174897635,21
22354,k7wXMfLPfsMfFHf5wBrZuw,Butch's Saloon,North Royalton,OH,2.5,0.15852053513656478,0.0930360463452591,0.1979125393777476,0.5505308791404285,2
22360,kkl0Jnord6laHQGkgZxG1Q,Applebee's Grill + Bar,Streetsboro,OH,3.0,0.2733978422674474,0.137241110908734,0.4438675384807915,0.14549350834302713,12
22392,l_kfIryIyF_hcQsVxtmGMA,The Black Iron Grille,Kent,OH,3.5,0.16994192605615707,0.05912213667661536,0.33842961264303545,0.4325063246241921,46
22470,lpxj6LFir23Ds6swW8a6fg,Grandview Saloon,Pittsburgh,PA,3.0,0.35891221395744305,0.08143704730483348,0.38771222497760943,0.17193851376011413,79
22645,lrL8WPWBesBm2cfUoLvwJA,LongHorn Steakhouse,Cuyahoga Falls,OH,3.5,0.2102641138676649,0.02626783187876303,0.30154061391121506,0.461927440342357,24
22692,mJbrw3Y3NOjCKj2I5t8YsA,Hellriegel's Inn,Painesville,OH,2.5,0.20208128057533623,0.07610397077876636,0.5744295378807497,0.14738521076514782,6
22710,mNsjRWm99TFmssgKJX_kyg,Great Scott Tavern,Euclid,OH,4.0,0.3500380377670042,0.07405337534605509,0.3632396114133286,0.21266897547361208,60
22793,mUMb6sxFa9JZYQbI9RDs0Q,Applebee's Grill + Bar,Brooklyn,OH,3.0,0.21921798812565102,0.08724934071650249,0.45644697379105886,0.23708569736678758,14
22821,mZYKqiK-9fzifbFbeEbP1w,McCormick & Schmick's Seafood & Steaks,Pittsburgh,PA,3.0,0.40947241164587506,0.040405449545239724,0.2776969417480409,0.2724251970608444,69
22993,nRmTDIs3Gbis9aX2-v1qcw,Shula's 2 Steak & Sports,Cleveland,OH,3.0,0.2809441182353169,0.07671957354271414,0.3820236936169017,0.2603126146050673,38
23084,nTj1Yi5TyRErrP8k8H3C3g,Kavanaugh's Esquire Club,Madison,WI,3.0,0.3581162556995512,0.23223682607325943,0.27899847742313333,0.13064844080405616,25
23148,nXr2CBXYxdXYm-tWn91KCg,Quaker Steak & Lube,Pittsburgh,PA,3.5,0.4460435250841589,0.09133912830491278,0.3103216431523472,0.15229570345858123,5
23155,ndzT1maiVwpz-7VFFzAb5Q,Eddie V's Prime Seafood,Pittsburgh,PA,4.5,0.20045922662845478,0.025459682246551672,0.3810759034585257,0.393005187666468,179
23368,nfJHNu_AQXptaTQIHjpAoQ,LongHorn Steakhouse,Pittsburgh,PA,3.5,0.20074172287068429,0.03845309205215165,0.2697649170763819,0.4910402680007823,41
23432,nhZ1HGWD8lMErdn3FuWuTQ,Applebee's Grill + Bar,Rocky River,OH,3.0,0.4001210355593678,0.0063519289921575035,0.3999527220945529,0.19357431335392186,15
23467,ntds2JP29DPYp765oFqptw,Rusty Anchor,Cleveland,OH,3.5,0.2587633271321925,0.03515749549914123,0.39316857568236385,0.31291060168630225,35
23526,nv1XdkWviHXO7N6mK8O1yg,Don's Lighthouse,Cleveland,OH,3.5,0.27460596063073284,0.04791504710961044,0.2942386901003749,0.3832403021592817,93
23688,nxAo0oDgsNlduzUuuUL4Fg,Steak ’n Shake,Munhall,PA,2.0,0.2728763297838783,0.15286834728104037,0.28437288200250294,0.2898824409325784,14
23799,oG5Sz7phCksWWjITJlgJNA,Outback Steakhouse,Lyndhurst,OH,3.5,0.008670211372143074,0.0,0.9820574861590778,0.009272302468779137,2
23805,oq9bF1KUzSldObMSQ_aalQ,Quaker Steak & Lube,Valley View,OH,3.0,0.4365855648814419,0.11628427217150555,0.30441295693512027,0.14271720601193233,55
23944,p1YmWxE6GG0V9dJP0239QA,Moss' Prime Rib & Spaghetti House,Elyria,OH,3.0,0.4388479441416564,0.012191882872326998,0.468692193361457,0.08026797962455949,6
23956,p26WM22RrRvkyEztJd57ag,Urban Roadhouse,Mentor,OH,3.5,0.19010823276293676,0.0429172408599832,0.3981757910503721,0.3687987353267079,25
23994,p3DmeeCNz-BdijenlxGI2A,Outback Steakhouse,Monroeville,PA,3.0,0.24051844625310334,0.06361189131991764,0.3115829514478405,0.3842867109791385,29
24074,p5TW1LnrPWYnZr2SNe6aiA,Quaker Steak & Lube,Medina,OH,3.0,0.4229281169133572,0.1166270746584691,0.24816433836182522,0.21228047006634856,13
24110,pP4MRsHfrage-sm4mXYFAQ,Applebee's Grill + Bar,University Heights,OH,2.0,0.24983223746203723,0.08382889894209013,0.43971531992291807,0.22662354367295454,7
24138,q5viyMO6EtJMmmarb4YmIA,Kosar's Wood-Fired Grill,Northfield,OH,3.0,0.24779848832188628,0.043463038651483245,0.3240651581792895,0.384673314847341,46
24236,qELIf4gzE_vlteu7pO7TZg,Atria's Restaurant,Pittsburgh,PA,3.0,0.3485411898458503,0.08255673390092257,0.40964626335827414,0.15925581289495305,39
24330,qLy2F9EzCsFYIKd40OJvZA,Red The Steakhouse,Pittsburgh,PA,3.0,0.22492016929693864,0.060415731856481344,0.33083898078170065,0.38382511806487934,28
