,business_id,name,city,state,stars_y,0,1,2,3
0,-RQCdTsH5rkG702auLcEqA,Hoss's Steak & Sea House,Murrysville,PA,3.5,0.423386933951534,0.059887154248577414,0.2332428037623165,0.2834831080375722
5,-bHpvkmiFzm_swHLYsGiqw,Ken Stewart's Grille,Akron,OH,4.0,0.3075112002712681,0.055197599904266655,0.35224475143207123,0.28504644839239385
10,0YA3RpY5KXcezPXcjdfOGQ,Pittsburgh Steak Company,Pittsburgh,PA,2.0,0.0,0.0,0.238758420466568,0.761241579533432
13,0gbi6kYiAOnFwfZ_2_dXSA,Hyde Park Prime Steakhouse,Beachwood,OH,4.0,0.23950751541302157,0.057620676051736854,0.29782504532345533,0.4050467632117863
18,0grgvnq4GgoY-estWytUhg,Timpone's,Urbana,IL,3.5,0.31959457639042205,0.0686536369171073,0.34459002181238374,0.26716176488008686
23,0wUBRqU95D8URo5Ws4r5Qg,Steak ’n Shake,Aurora,OH,2.0,0.2842618686296244,0.1407773589455269,0.29725379464188717,0.2777069777829615
28,1HtxtLaFgTeerAuF9Q5jRQ,Lone Star Steakhouse,West Mifflin,PA,3.0,0.17740661097488747,0.09122455432743039,0.34295737920169655,0.3884114554959856
33,1njD5p7-FvV8uoHzwiVYCA,LongHorn Steakhouse,Mentor,OH,3.5,0.17997950633714704,0.030383662391226574,0.30180268295162865,0.48783414831999755
38,1p6qHrapvuKpbZGLT9qskw,El Patio,Champaign,IL,3.5,0.35903016198436016,0.061727356835025234,0.4397060040898541,0.13953647709076036
43,2MnNaZcNG_2whC9NyL4qgA,Mulligans Pub and Grill,Avon,OH,3.5,0.44784839496813256,0.09208887426735367,0.36421243988285523,0.09585029088165845
48,2U3KaC0sIFeugvSm0c2fJA,LongHorn Steakhouse,Medina,OH,3.5,0.17284236733861782,0.03139792528317542,0.5039042202646338,0.2918554871135731
53,2vzUzl31fFLHKhM6px-rbg,Mariner's Inn,Madison,WI,3.5,0.15836064264985075,0.10502565613642463,0.3595939215320279,0.37701977968169675
58,2zx0Pt5OeHhjAZoNRqYTog,Fuegos - Steak Tapas Vegan,Madison,WI,3.5,0.3356869871043784,0.07712058644842638,0.3445879662378855,0.2426044602093096
63,30ibZa6RLsrdhmCUeoS7tQ,Texas Roadhouse,Pittsburgh,PA,3.5,0.25180621398972886,0.020891749340524717,0.35110716864544944,0.3761948680242968
68,33aNXOprvIR-rtxKTUNBbQ,LongHorn Steakhouse,Copley,OH,3.5,0.10340954439820853,0.05070015915366645,0.38265097095449574,0.4632393254936294
73,3R6UGi7SU-rHc8FO2VZ29Q,LongHorn Steakhouse,Strongsville,OH,3.0,0.32743378426946024,0.003957663199009447,0.3284065905172602,0.3402019620142702
78,3YrySY6jiAJO1N7LbjsI_Q,Bianca's Ristorante Italiano & Lounge,Brunswick,OH,2.5,0.38439692527822367,0.0047756217446901245,0.4408164512555973,0.17001100172148886
82,3jKaeGaw_iVz1oEqpoRqsQ,Applebee's Grill + Bar,Stow,OH,3.5,0.47127684383338597,0.025407341425965194,0.39265974605308435,0.11065606868756443
87,3rlMsFJE8MjHE4K2ABkQFw,Tavolo 72,Middleburg Heights,OH,3.5,0.36249795986062167,0.11724166938577671,0.43496745753720367,0.08529291321639801
92,47me-6Zme7RYR0zEonfaHg,Texas de Brazil,Westlake,OH,3.5,0.3813749674446955,0.021985462858706544,0.3191821539883608,0.2774574157082372
97,4ZalERS8GVHK_1ULa86rMQ,Rex's Innkeeper,Waunakee,WI,3.0,0.37644784447075286,0.14125013000723236,0.2709227624338823,0.21137926308813254
102,4hJHSMKyKJRl50k9EM6jkA,Mantini's Woodfired,Pittsburgh,PA,3.0,0.4710713343344725,0.022956260388870137,0.1973448729016705,0.3086275323749868
107,4sRJvmKh43AqMRrjdwEdwA,Texas Roadhouse,Bridgeville,PA,3.0,0.2812805956604995,0.03479310209298536,0.3681804544738557,0.31574584777265946
112,530DtHanJc-S-rNh7dtoXg,George's Chop House,Madison,WI,3.0,0.582681498760253,0.0,0.0,0.4173185012397469
114,54kfE6vauORUVUifLagkXQ,Hyde Park Prime Steakhouse,Cleveland,OH,4.0,0.2050994110486975,0.0430445839003489,0.33730749141686495,0.4145485136340888
119,5QVozBk6HVJZHA3W-s7aDg,Corkscrew Saloon,Medina,OH,4.0,0.24768753431457832,0.05547359782515504,0.44532462830435515,0.25151423955591123
124,5YyLWps6xL372Lj2hRlPQw,Quaker Steak & Lube,Sheffield Village,OH,3.0,0.538802476720543,0.06101686813232166,0.26268105055654745,0.13749960459058796
129,62b0uHo9uaSsoOMQFG55jg,Sammy's Famous Corned Beef,Pittsburgh,PA,2.5,0.6593736362189647,0.09367412991478195,0.05143184528652368,0.19552038857972973
133,6AwirUhnpzMZynePZbrdBQ,Delaney's Charcoal Steaks,Madison,WI,3.5,0.16982435703594076,0.08982380627480387,0.36159119746418444,0.37876063922507097
138,6IZuuJdMqjNVTvOVRxoJ-Q,The Wooden Nickel,North Huntingdon,PA,3.0,0.1838129318738479,0.07497091020388111,0.46348270628874844,0.27773345163352253
143,6RmdqLK1H5aodAA8t7Yl2A,LongHorn Steakhouse,West Homestead,PA,3.0,0.22394338024133645,0.0406371177848498,0.2771978885267092,0.45822161344710466
148,6aZlyyCp6l4xmjIu0E8_WQ,LongHorn Steakhouse,Avon,OH,3.5,0.11620122549682628,0.014266743417390256,0.5004452525768099,0.3690867785089736
152,6keyv1LcbzdD8MCrRaA0nQ,Outback Steakhouse,Madison,WI,2.5,0.2790521703222283,0.03639248990754554,0.29535426223422717,0.3892010775359989
157,6okGKL2PA7kkc-GjZzNHnA,Johnny's Italian Steakhouse,Middleton,WI,3.5,0.24481941777111682,0.06288622571295019,0.326283873841488,0.36601048267444514
162,6sCdVRtmhJgNqKh9Vx6JXw,Tavern At Twin Lakes,Kent,OH,3.0,0.34140793497136396,0.037540180358713114,0.3879238494413652,0.2331280352285578
167,6wwz7b5xehEilPx98ZnZtA,Outback Steakhouse,Parma,OH,3.0,0.208168364801859,0.06575827573759664,0.3136729191687412,0.41240044029180317
172,795wIi2-x9RfndhVo0byaA,Steel City Steak House,Monroeville,PA,2.5,0.32716989067294716,0.10708493415314942,0.3450289429203754,0.22071623225352807
177,7ED5DPk40iqlMpK1E7XoOg,Ferris Steak House & Tavern,Rocky River,OH,3.5,0.21877737948864545,0.027636361598284302,0.4208589189067974,0.33272734000627263
182,7JOo6MO-bJMhfXobJG7SRQ,Timber Lodge,Medina,OH,3.5,0.20709542842291964,0.023484175263850365,0.41455729421737647,0.35486310209585376
187,7Vi4T2E5ePOkNifyr2t6cw,Parker's Grille & Tavern,Avon Lake,OH,3.5,0.2618918810024221,0.07362803358211484,0.3736151254565591,0.2908649599589039
192,7bQU0QI_YID3MgZirZHmSg,Jekyll's Kitchen,Chagrin Falls,OH,3.5,0.31690907967581694,0.0294841918808625,0.3878890171061328,0.26571771133718763
197,7bSE9GOvftLyvwvyz9XJoA,Applebee's Grill + Bar,Pittsburgh,PA,2.5,0.2560231673758114,0.05540939981139744,0.37168397798035535,0.3168834548324359
202,7ddnq3YQSKguGK15etqGLQ,Ditka's Restaurant - Wexford,Wexford,PA,3.0,0.2618629782949616,0.01044820351010362,0.2879598263239147,0.43972899187102005
207,7eLUaZwipH_uwfvv-_WafQ,Red Wheel Restaurant,Rantoul,IL,3.0,0.33382214449250425,0.05648724752699452,0.3126799800851977,0.2970106278953036
212,7ndalFukYiEalNeN4eL9vQ,Texas Roadhouse,Pittsburgh,PA,3.0,0.3088655655869275,0.024272477877265015,0.30356143104225325,0.36330052549355424
217,8-EVsgJWjva29XMuVW2gPA,Nouveau Bistro & Lounge,Concord,OH,4.0,0.3332090449676839,0.05040097789799448,0.30825882494209905,0.30813115219222253
222,88_7allgDYlxedC9jP1j6w,Applebee's Grill + Bar,Willoughby,OH,2.0,0.23872921723705856,0.01790467313975922,0.5385062234237549,0.20485988619942733
227,89-bwvH5mWWOOb00VTUyFQ,Applebee's Grill + Bar,Savoy,IL,2.5,0.3476031593561325,0.039748635614163134,0.38830745939059697,0.2243407456391073
232,8B7A5KqrrbxOlCX66hqfOg,McCormick & Schmick's Seafood & Steaks,Pittsburgh,PA,3.0,0.41578624086851984,0.04617519902082223,0.2401505588468322,0.29788800126382586
237,8GVGzFgTKNfPixL143Zadw,Texas Roadhouse,Stow,OH,3.5,0.23346561982933733,0.028004365180141683,0.38602600530975706,0.35250400968076384
242,8hwbcCNUv345Kw1xfOCcWg,Brown Derby,Cleveland,OH,3.0,0.24022507354988284,0.052771736166138096,0.25259753262483603,0.454405657659143
247,9JUynLfWPwe1X9gsJS6FTA,Cleveland Chop,Cleveland,OH,4.0,0.3162220086895269,0.07027314430448758,0.2679950780273345,0.3455097689786512
252,9ismhhkIPREHOo8tJi0ETA,Ruth's Chris Steak House,Middleton,WI,3.5,0.2310112701316515,0.0425013874436319,0.31202571240115734,0.41446163002355907
257,9lDpO8fpgZKd18yskBM3Zw,Diamond Men's Club,Cleveland,OH,3.0,0.3277688265851983,0.02174441868950068,0.4824678755484181,0.16801887917688296
262,9spk8K9pg5HdDNMNxAlGwg,8 Seasons Grille,Madison,WI,3.5,0.4113092887276947,0.057949805726670356,0.33962044161892335,0.19112046392671161
267,AEUzqUECmLCrPkIS9ryDCw,Applebee's Grill + Bar,Lyndhurst,OH,2.5,0.31370588516436076,0.02005802937337751,0.3489799942235008,0.31725609123876103
272,AEoWScs-gYsXSUUmDbseFg,The Cabin of Willowick,Willowick,OH,3.5,0.25129830134619324,0.044543863529707226,0.29310051514456087,0.4110573199795387
277,AtWI6XjqFrPEV7M5WvmwHw,V & V scratch kitchen,Finleyville,PA,4.5,0.2950617509640898,0.08073851051474008,0.4005574080402793,0.2236423304808911
281,B0JdEQoQjr9oka-_YyGZ8g,Outback Steakhouse,Pittsburgh,PA,2.5,0.1575102701111935,0.058130601485322876,0.2893787065929487,0.49498042181053487
286,B46YpcGGZ5nBjGLzSJLVbA,Steak Escape West Towne Mall,Madison,WI,4.0,0.2030859377448789,0.020568494136442926,0.5339280931796154,0.2424174749390627
289,B57-WztEVG1oWzIRkhqZmA,Casey Jones Tavern,Cleveland,OH,4.5,0.6892301316147911,0.05461389449358609,0.12167025389647607,0.13448571999514664
291,BiMWzRn7ppT_zgoY37yNVg,Lanning's Restaurant,Akron,OH,4.0,0.16127679310365475,0.0737251010728896,0.3365490000287564,0.4284491057946991
296,CNklj3fFmwXL13AyvjfV5w,Ann's Chophouse,Bethel Park,PA,3.5,0.2759873622545222,0.02939507402246094,0.3594479297586745,0.33516963396434246
301,CZjWBiv0U0UFELpJ-UDUfg,Rodizio Grill,Cleveland,OH,3.5,0.42900057163273503,0.016101785330915257,0.3148445241331407,0.24005311890320913
306,C_-8AEMAJG6MvE3b6ou-ow,Texas Roadhouse,Pittsburgh,PA,3.5,0.30672727282464746,0.024430668700829685,0.3771887421837906,0.29165331629073227
311,CgsUUVwL8EBqcHFxrtkFtA,Quaker Steak & Lube,Mentor,OH,3.0,0.4709762953543392,0.10079111630538061,0.31293053182486635,0.11530205651541386
316,CpNMXASiwtJv5eCDf0n63g,Alexander's Steakhouse,Champaign,IL,3.0,0.35656603408570126,0.0377687706058091,0.2020284644128004,0.4036367308956893
321,CsbNmQqu9dKFrgcIItevYA,Revel,Pittsburgh,PA,3.5,0.3307457564825381,0.0988718786272873,0.33260382253873705,0.2377785423514376
326,Csj88GuxCXO-24VQraitHQ,Applebee's Grill + Bar,Brunswick,OH,2.5,0.21787747182317246,0.0,0.5498705310748846,0.23225199710194294
331,CySpYWrovIOGh7hdz9ahOQ,Dragonfly Lounge,Cleveland,OH,4.0,0.6233104104420144,0.03666962449515969,0.22770176791644978,0.11231819714637603
336,D6KoYvnmWswZJjdGm0uiqA,Girves Brown Derby,Cleveland,OH,3.0,0.24830873207325527,0.017339416692366137,0.30055813865481446,0.4337937125795641
341,DD5TD5JA9cHQTDtzKUzhyg,Watertower Chop House,Sun Prairie,WI,3.0,0.3452025328625236,0.07187494224829562,0.2695950952802996,0.31332742960888116
346,DMRaPL6SnA_RX7yY6rprhQ,Steak On a Stone,Copley,OH,2.5,0.3700845687193732,0.049418089950314284,0.03678739548923253,0.5437099458410801
351,DzVv_g6xsLbMh66HtiZK3A,Coal Hill Steakhouse at Grandview Saloon,Pittsburgh,PA,2.0,0.3053945788519064,0.06192998504264111,0.3908534034357671,0.24182203266968555
356,EXIZwIxLoiPDJs-oKzgaKw,Steak ’n Shake,Cleveland,OH,2.0,0.3303282016159064,0.09892695015319833,0.3132600610191592,0.2574847872117362
361,Ef0WLuzSbnSuIKu5i-Z2_g,Outback Steakhouse,Moon Township,PA,3.5,0.20829194596411393,0.032046777808315434,0.39499439938936876,0.3646668768382019
366,Es0JayHVN_XPn1q5yFtn6g,Pittsburgh Rare,Pittsburgh,PA,2.5,0.41527591014329124,0.0,0.07934585737083748,0.5053782324858713
370,EsjY-B1wh76hK6G6deH1hw,Prime Rib Steakhouse,Cleveland,OH,3.5,0.1396251102468251,0.027933804840818876,0.4704189896205918,0.36202209529176427
375,FZmvSCnBcVXiX08lmGhakA,DeBlaze Grill,Bridgeville,PA,4.5,0.2938374214610703,0.08249579639479936,0.31825954353832586,0.3054072386058046
380,GDWZh4LMDiUXHcZV3XJRww,The Groove Cheesesteak Co,Pittsburgh,PA,3.0,0.45468929527892415,0.16679501374923011,0.14628913659920392,0.23222655437264184
385,GatUelEiMO2tShY16y6Zrg,Applebee's Grill + Bar,Garfield Heights,OH,2.5,0.30721710727283186,0.20035062316399155,0.3065379794657973,0.18589429009737926
389,H-wMVXewXX8DmY7uF2pwYA,Cork's and Stubby's,Amherst,OH,3.0,0.32413539543397796,0.10571111316645665,0.3513307365285096,0.2188227548710557
394,HBX4hBNcOYwAJ2kAWebtbA,Texas De Brazil,Woodmere,OH,4.0,0.4193308461557729,0.011217382240130101,0.32633661389588975,0.2431151577082075
399,HO__o8ndEqZS84voSZZONQ,Girves Brown Derby,Streetsboro,OH,3.5,0.22188682820553843,0.028506456288753368,0.3283729372950621,0.421233778210646
404,HOgLMfPB11zz7BsYkFSz0g,Baba's Supper Club,Sun Prairie,WI,2.0,0.0,0.0,1.0,0.0
407,HPGepGRhJv-xYcPMIEhTMA,Creo's Steakhouse,Akron,OH,2.5,0.2497646151098131,0.00667909304187016,0.3716194858222592,0.37193680602605755
412,HUTDbniG4URIGfkP8e_cfA,Quaker Steak & Lube,Cleveland,OH,3.5,0.41263084185848103,0.08403290321835546,0.3199965294191166,0.18333972550404692
417,HlYzk84INQaNslFT-lyBFw,Applebee's Grill + Bar,Madison,WI,2.0,0.3264976044640778,0.07936294638222643,0.32735911507140647,0.2667803340822894
422,HsAVVdyrzSPORCrpHbMg9g,Nineteen10,Kent,OH,3.5,0.26481083374490694,0.029442310063306998,0.42268959068016543,0.2830572655116207
427,I6ocB-D9EAlk3Y9xGll1qA,Taverne Of Richfield,Richfield,OH,3.5,0.31346914841821366,0.10987410639400938,0.31738485489857177,0.2592718902892053
432,Im0hMcWaqWIzuBM8xILDsA,Trivs,Strongsville,OH,4.0,0.26727379722773176,0.0337925149360556,0.4081660373220182,0.29076765051419423
437,J4fxdRNWmqckOHTPJocWEw,ML Tavern,Moreland Hills,OH,4.0,0.23193989217844907,0.01742397916467648,0.3869869551733625,0.3636491734835118
442,JBkc2Xof8yietmHQLs62aQ,Eddie Merlot's - Pittsburgh,Pittsburgh,PA,4.0,0.17877587555340602,0.038084848365320244,0.3424016726560597,0.4407376034252139
447,JKAYcu_1UPHTyquCZCKPaw,Strip,Avon,OH,4.0,0.17926467411439898,0.06162332091662936,0.30818907221763053,0.45092293275134115
452,JLbgvGM4FXh9zNP4O5ZWjQ,Meat & Potatoes,Pittsburgh,PA,4.0,0.41172094809200266,0.07504916914870849,0.25890369195628954,0.25432619080299845
457,JMahS85NWAXQuyGLx3UlQQ,Inn Place Restaurant,Imperial,PA,3.5,0.32749989835752286,0.006737145180083533,0.2200464370019921,0.44571651946040136
461,JW7-UF3cdQIo-HAiK29HUQ,Palmieri's Restaurants,Plum,PA,4.0,0.24847771324429418,0.09005609036531641,0.44960404864442255,0.2118621477459668
465,JhxI7oS_jsFnq34dDubugQ,Ferris Steak House,Cleveland,OH,3.5,0.16708899468978775,0.0,0.36934314113334715,0.46356786417686513
470,Jqd8QeYoBxJvYxhG0Lekyg,Texas Roadhouse,Willoughby,OH,3.5,0.28350642295771494,0.0324861808877002,0.31269691756243634,0.37131047859214844
475,KBBXaD0FXDTpFuTuSJ6yHA,Applebee's Grill + Bar,Pittsburgh,PA,2.5,0.3835145414931317,0.04306970655017553,0.24913703625291653,0.32427871570377625
480,KGpsB2dsdkxl8SGVUlJbZw,Outback Steakhouse,Champaign,IL,3.5,0.20879543876315224,0.025145469383510696,0.3163584303724481,0.44970066148088894
485,KK5Hvy2JNjXpdO_zHA_LCA,Prime Quarter Steak House,Madison,WI,4.0,0.39235391556297566,0.048341123771962306,0.05542425967262938,0.503880700992433
490,L95ppCbcWAt4LUWrCiEvPg,The Capital Grille,Pittsburgh,PA,4.0,0.15874477781254154,0.0485452611289545,0.3528886973277613,0.4398212637307426
495,LFdlt3HzTGGvzgfwzYjCVw,Pacers Sports Bar & Grille,Mentor,OH,3.5,0.3960535828349122,0.1529621941815585,0.2547896760030636,0.19619454698046557
500,LJwS9epPXXvzel7bZ616Gg,Marble Room Steaks and Raw Bar,Cleveland,OH,4.0,0.22251869396819843,0.04648015931483869,0.4318257209154796,0.29917542580148315
505,LWk7Q5CTjpK-k_TfXdbApQ,Brasa Grill,Cleveland,OH,3.0,0.44293597473375884,0.01583412942401015,0.2335756297591832,0.3076542660830475
510,LkbZSfAvVd7yAogbya_uaQ,Steak on a Stone,North Olmsted,OH,3.5,0.4148814596755619,0.0002643368390393647,0.17301279860398988,0.41184140488140886
515,Luv7Vq5SbnkHyN3X1ZM9yw,Applebee's Grill + Bar,Stow,OH,2.5,0.23325285317196223,0.10482856692013515,0.6162964560476377,0.04562212386026482
520,LwyHsVK0koh-N-FwqY1N1w,Osso Farm Restaurant,Chardon,OH,3.5,0.43201635399071175,0.012719950634874093,0.42624036767622603,0.12902332769818803
524,Lyn5sYu1rfxdmntbaOoZJg,Rivers Casino,Pittsburgh,PA,2.5,0.7222125867181317,0.017302837118996214,0.17190511213910628,0.08857946402376597
529,MASMoYbcWPQ_eLjzaujZiA,Applebee's Grill + Bar,Akron,OH,2.5,0.4071253487639662,0.03724324236620929,0.3480468458102051,0.20758456305961942
533,MPSPlwGM11T9yq9rNBIkog,Nicky & Smitty's Deli Restaurant,Aurora,OH,3.5,0.37055468355881344,0.061001543873197214,0.41803399342322023,0.15040977914476905
538,MQXFdfDb1UjrZngnjslmhA,Outback Steakhouse,Macedonia,OH,2.5,0.13754862533506348,0.047223100708043385,0.3103007040667906,0.4614493090205373
543,Mb4V2aPneclZZ8BfZUjWGA,Ken Stewart's East Bank,Cleveland,OH,3.5,0.27786446173649054,0.016764847692564984,0.29489463496007146,0.410476055610873
548,MdR6htOIm-LF051qUCKmGg,Pittsburgh Chop House,Pittsburgh,PA,3.0,0.09100238966057748,0.02656041697856698,0.0,0.8824371933608555
551,MesBAxNk_M7ISbBmVDiiWQ,El Torito Taqueria Bar,Lakewood,OH,4.0,0.34955573523398237,0.04059326567952566,0.44859153325504497,0.16125946583144699
556,MgScNgEPoNExpCOwcgQR3g,LongHorn Steakhouse,Rocky River,OH,3.0,0.18240237161883205,0.047427454605682845,0.2794513395418237,0.4907188342336614
561,MothxPy-ZoFcCdoVGw2hDQ,Applebee's Grill + Bar,Tarentum,PA,3.0,0.21577892520602943,0.012379078907006902,0.4307394529730274,0.3411025429139362
566,NSzhahVpI_B32snhJHM0HA,Texas Roadhouse,Champaign,IL,4.0,0.2917682356894505,0.02975180436862464,0.3501912188746087,0.328288741067316
571,NXTsT01IVpKYPpa_1L-Rlw,Applebee's Grill + Bar,Madison,WI,2.0,0.30168101296973754,0.038853053783568056,0.34663615928264524,0.31282977396404926
576,NmGY7zhoEUqO_0KxvBocTw,Local Tavern,Painesville,OH,3.5,0.32757965487805146,0.10510712252576285,0.3389331220479403,0.2283801005482453
581,Nz0MchMpTVYmJbijeBSVew,Outback Steakhouse,Cuyahoga Falls,OH,3.0,0.13843166350032643,0.09854047758733785,0.4642965621396208,0.2987312967727149
586,OHKLSUanPcaAQMYkHDBdSw,Applebee's Grill + Bar,Cuyahoga Falls,OH,2.0,0.25839291130971465,0.16988849925059038,0.4033006271238487,0.1684179623158463
591,Occo0_pOXAUG-eL6gazeGQ,Applebee's Grill + Bar,Cleveland,OH,2.0,0.2862109718394963,0.06145826232243707,0.4571118373452773,0.1952189284927894
596,PBmfdx-tC2D54FI3HtcKww,The Ribeye,Champaign,IL,3.5,0.30081364010939715,0.028988209088053565,0.2318451591419225,0.4383529916606269
601,PF8HqToO6An0mH6odFoCEw,South Philly Steak & Fries,Pittsburgh,PA,2.0,0.5532768021030451,0.23414646564414568,0.08192950894243084,0.13064722331037834
605,PFr2uIXNFKya1Fy46dW-zg,Ken Stewart's Lodge,Akron,OH,3.5,0.24642969808143386,0.026998311214907943,0.4101304208222301,0.3164415698814281
610,PKjdnTWQSygpOjlWl8VzrQ,Whistlers Kitchen & Bar Wood-Fired,Avon,OH,4.0,0.26966595373536917,0.11428825350217937,0.3692004173712231,0.2468453753912284
615,PV9CdNFDOX4_zWm3Sy3W8g,Quaker Steak & Lube,Middleton,WI,3.0,0.4975353657758704,0.11428495338283205,0.22381167060346246,0.16436801023783498
620,PXJkqZGaC5qxhJTVQodN_w,Harry's Steakhouse & Banquet Center,Independence,OH,3.5,0.19982297216017486,0.06311985760275143,0.31807881839143975,0.41897835184563387
625,PeATTp15Y_ExaN6mR1dmKw,Quaker Steak & Lube,Pittsburgh,PA,3.0,0.46397818231641513,0.11772136062362819,0.2297427292965652,0.18855772776339147
630,PmWiJxGzwQY6ErclQwtRuA,Outback Steakhouse,Akron,OH,2.5,0.16254951986564853,0.010838290691930482,0.523713546613205,0.3028986428292159
635,QH2wRpTM0rtEJWgiPWhzqw,Fyfe's Corner Bistro,Madison,WI,4.0,0.4967716959843687,0.03665691015851815,0.30529426613714483,0.16127712771996838
638,QJ1YpQLVuentjgTQqNqqpw,XO Prime Steaks,Cleveland,OH,3.5,0.15564979063118228,0.03304431186538689,0.3005143900034618,0.5107915074999694
643,QToLw4ijAdErQ906aqr5aw,Nemo Grille,Avon,OH,4.5,0.2196459495915835,0.035166392241004506,0.4554324066475452,0.28975525151986725
648,QUvT1bLQ1qBxkWhLUa_FBA,Don's Pomeroy House,Strongsville,OH,4.0,0.2516684530526567,0.040592183589677755,0.38915499037951,0.31858437297815545
653,QYcsP3e-HRQYC4Iw6zbyqw,Charleys Philly Steaks,Elyria,OH,2.5,0.0903112491588543,0.2011412184690283,0.43780674938441483,0.2707407829877026
658,QqbZA4r5g1vCbOxOAKJgWg,Tessaro's,Pittsburgh,PA,4.0,0.36565207197846444,0.2867209770738696,0.17622490871703325,0.17140204223063252
663,Qw45ZqhBR0VI5_cI60SgeQ,Fleming's Prime Steakhouse & Wine Bar- Akron,Akron,OH,4.0,0.17959010165464287,0.02395144637470937,0.43662914500271677,0.3598293069679308
668,Qz4JzvZ_0_2TGTWPTE7XSQ,Steak on a Stone,Willoughby,OH,2.5,0.3348344851594202,0.017210209710568834,0.4208279429224593,0.22712736220755167
673,RG2IGb4LwbxUwCW3iooYDA,Otto's Restaurant & Bar,Madison,WI,4.0,0.28745413865687597,0.07375900091287178,0.33527264366880744,0.3035142167614446
678,RJNAeNA-209sctUO0dmwuA,The Old Fashioned,Madison,WI,4.0,0.19349441930499411,0.596049964805931,0.16082125860606508,0.049634357283009634
683,RPe_cSOxq_qkG-LbxBlOyw,Hyde Park Prime Steakhouse,Pittsburgh,PA,4.0,0.1756712355650092,0.041933813447964485,0.3023165381975588,0.48007841278946745
688,RSndNUTD8MpDQiotoTS29A,Steak N Shake,Tarentum,PA,2.0,0.12442400357539664,0.002659734551373345,0.7139648947442787,0.1589513671289513
692,RcsfZ7IrWSNvM1AYcLmWNw,Steak ’n Shake,Tarentum,PA,2.5,0.31434341024716417,0.0735834760307387,0.49996640467646175,0.11210670904563544
697,RfM6jDn16Qf8eVz2vJTdbw,Henry Wahner's Restaurant & Lounge,Kent,OH,3.5,0.2962674619751974,0.07003773265483465,0.3133747570143353,0.32032004835563277
702,Rii85bzYKGC9P0zOyAem6A,Texas Roadhouse,Brooklyn,OH,3.5,0.22243938569789012,0.03032566346899819,0.3286598253761098,0.41857512545700193
707,S5OyMT8iK7QzVKZPtI2k1g,Girves Brown Derby,Medina,OH,3.5,0.20899645118024923,0.034600414081628984,0.3164965342359171,0.4399066005022046
712,S7ECG2HNltSWFo1FcFTwFQ,Outback Steakhouse,Pittsburgh,PA,3.0,0.1951359774345852,0.06461978363170424,0.37803760849083795,0.36220663044287266
717,SNNrb5T4dn3DMq410HIpxw,Gamekeeper's Taverne,Chagrin Falls,OH,3.5,0.3333718965252677,0.044640461680152684,0.3447619873236912,0.27722565447088837
722,STr9xDBZ9OOvgRZSJTbshQ,Brown Derby Roadhouse,Akron,OH,1.5,0.2917975620001166,0.18458540105066834,0.3384258789565213,0.18519115799269378
725,SvxSoyZn0WW0c7bFLIYfMA,Baxter's American Grille,Champaign,IL,4.0,0.2337925539421143,0.060694229494598184,0.3655264750610055,0.339986741502282
730,Szl3MsKnwryJGYuPRPMaIg,Applebee's Grill + Bar,Pittsburgh,PA,2.0,0.3560642310585206,0.05388732806187274,0.37094082069393086,0.21910762018567578
735,TNV-nSWQ_pN6wrMwAgxSkA,Mc Govern's Club and Restaurant,Sun Prairie,WI,3.0,0.3368740108217774,0.16265097954060764,0.338854698970156,0.16162031066745886
739,TNgqPThc9_MwgSIdsZIUjQ,Delmonico's Steakhouse,Independence,OH,3.5,0.217386571416874,0.028716569991749888,0.31942871709240234,0.4344681414989739
744,TUZTu3dQxSxSIKRMkHQrsA,The Overlook,Kent,OH,3.5,0.4101528017309922,0.07568566789183054,0.27996810956159224,0.23419342081558506
749,UCJpL9VFk3g1B2gjRlLy_g,Ditka's Restaurant,Pittsburgh,PA,3.5,0.19632822565850339,0.0515847548688187,0.304605367835078,0.4474816516376
754,UDqYqhDaW96-y7l79VMODw,Applebee's Grill + Bar,Pittsburgh,PA,3.0,0.4454998611469368,0.07141845214237737,0.14157470325117275,0.34150698345951297
759,UXRaY-AuZC9nguDXlcLvcg,Johnny's Italian Steakhouse,Sun Prairie,WI,2.5,0.3425926810383193,0.041434461050968846,0.34479248090374126,0.2711803770069704
764,UqbnR83EtBOWK6unSZkeLg,Fogo de Chão Brazilian Steakhouse - Pittsburgh,Pittsburgh,PA,4.0,0.37967061131903773,0.012223827050756326,0.36073654325382765,0.24736901837637817
769,UtMq05YrY37Hb9Oe4z0dYA,Sérénité Restaurant,Medina,OH,4.5,0.1438365420878094,0.08083381648157169,0.4737781936262009,0.30155144780441806
773,VDn6tM_Q_08CVuNHSUH4Lw,Lakewood Village Tavern,Lakewood,OH,3.5,0.7523950977762746,0.016139955983645524,0.21437830055309529,0.01708664568698469
778,VQGetWNN1f0dMWQ6ehDAVg,Morton's The Steakhouse,Cleveland,OH,3.5,0.21691072844711132,0.027905178413994813,0.3499137863310789,0.4052703068078148
783,VUrhzdgDpFi1K6zl9VuizQ,Hoss's Steak & Seahouse,Coraopolis,PA,3.5,0.2703777709786895,0.0,0.6021114022102875,0.12751082681102302
786,VVPwQdO6g9DHCgdBCIlBsw,Applebee's Grill + Bar,Strongsville,OH,3.0,0.34619132622401677,0.0177553548287359,0.4178083222014024,0.2182449967458448
791,VYpXvGPkx2k0lZlGry3HQw,Coach's Club,Cross Plains,WI,3.5,0.3358597431475879,0.25351292293056954,0.24338881581824862,0.167238518103594
796,Vj1_2pERP4QRALtERvXFqw,Porter's Steakhouse,Beachwood,OH,3.5,0.12686854598283065,0.0,0.4565951472973744,0.4165363067197949
800,VobZRj98tDH7AaojYJD8Jg,Applebee's Grill + Bar,Murrysville,PA,3.0,0.4069386500536916,0.07845377420719009,0.32513989157495343,0.18946768416416487
805,VtmG4MjDQ2rz6Jdi38gg-g,Blake's Seafood Restaurant and Bar,Westlake,OH,3.5,0.39531303734274154,0.002990241158406888,0.3674801469921939,0.23421657450665762
809,VwCtpOYiCKA5VXbKZhCSVA,Morton's The Steakhouse,Pittsburgh,PA,3.5,0.1857292505307956,0.013784666902711436,0.28547293064379403,0.515013151922699
814,Wj-73Uu3U79CGK_H_kyAsg,Quaker Steak & Lube,Pittsburgh,PA,3.0,0.5229909853499445,0.10157908407252665,0.2893121964006123,0.08611773417691658
819,WpOMfnH8hvUOENVNn9xMsQ,John Q's Steakhouse,Cleveland,OH,3.5,0.1793905435377582,0.04984217882314475,0.35526961045586963,0.4154976671832274
824,WwQ0sr3wDk2jCMre_3mS7A,Big Red's Steaks,Madison,WI,3.5,0.37327461691443575,0.37396546642786876,0.041740709313861625,0.2110192073438339
829,X0UQortyd6N6zFBVisY_gw,Feiler's,Madison,WI,3.5,0.31703187367435065,0.3969240422785576,0.11246253321151838,0.17358155083557333
833,XBY5WCikRpzboqwLc8CcBg,Ballantine,Willoughby,OH,3.5,0.4589776227379357,0.10921388828381114,0.2945057493173296,0.13730273966092366
838,XTB-U4e2MCDzyRQ1EpPtLA,Lone Star Steakhouse,North Olmsted,OH,2.0,0.1612593679439424,0.09281166082676214,0.2948924375829907,0.45103653364630475
843,XTumKkL8Ns3StEvW1nwcow,Fazio's Restaurant,Olmsted Falls,OH,3.0,0.24357175793510988,0.1332971571386471,0.26534520990873267,0.35778587501751036
847,XYmTwXGeDhB5Ol3rpO7mmg,Hyde Park Prime Steakhouse,Westlake,OH,4.0,0.2288091680725654,0.015497078113966785,0.3306350988759356,0.4250586549375324
852,XfO5MZI2lH1U2HsMnIsYzg,Noosa Bistro,Mentor,OH,3.5,0.31819803413384246,0.03512680876693336,0.3433842172731988,0.30329093982602523
857,Xz0HTTnKuf1BW26CmKA8CQ,Charya's,Bethel Park,PA,4.0,0.28437997030533174,0.0441232442744769,0.21813567794766173,0.4533611074725296
861,Y1Y5aSg5YUFHkpqUnkydig,Applebee's Grill + Bar,Independence,OH,3.0,0.26225401722885106,0.021860462504520842,0.5467311789354942,0.16915434133113402
866,YEsFk6UHqD66O2m5jmXSYg,O'malley's Rockcliff,Rocky River,OH,2.5,0.3782533912935546,0.08736169478160162,0.15979229687510144,0.37459261704974234
868,YKGb41Io_6mRsm4Bee7aOQ,Firebirds Wood Fired Grill,Beachwood,OH,3.5,0.279331217438907,0.040403056015158575,0.30382746999660704,0.3764382565493274
873,YbgEzqyH-nngJMZO0dY0iA,Clearview Restaurant & Pub,Akron,OH,3.5,0.3244998440104727,0.07670496140148633,0.34782584870683025,0.2509693458812106
878,YoYL__V3bUF4KluaJ8QO4A,Stonehouse Grill,Westlake,OH,3.5,0.25577390862487476,0.1371830398720974,0.43249910108017625,0.17454395042285167
883,YohEZMYpKrf-3fyPASKLew,Texas Roadhouse,Madison,WI,3.5,0.3027581047767778,0.03499280947514702,0.3777104134308568,0.2845386723172186
888,Ywdy4YARQK1ZWOCDzZDi-w,Sarava At Shaker Square,Cleveland,OH,4.0,0.3768503895633348,0.07335864299220331,0.338459392344856,0.21133157509960598
892,ZalWvpZ4Tv4AMHtHG0DwrQ,Square 22 Restaurant and Bar,Strongsville,OH,4.0,0.27918954804014295,0.03669500609992747,0.36904001601050906,0.3150754298494204
897,ZeN8xHEhsPS-amDyZSYJ9w,Ruth's Chris Steak House,Cleveland,OH,4.0,0.18479957300596048,0.05978414909313454,0.3109961023562931,0.44442017554461183
902,ZvEJiX8HBIForfbHOfqpmQ,Skyvue Restaurant,West Mifflin,PA,3.5,0.33636014597786856,0.046470178269809405,0.4063868614660766,0.2107828142862456
907,_6b9CtXi4fQqiu2VjCVpTQ,Outback Steakhouse,Madison,WI,3.0,0.17906791726108512,0.0754085245443569,0.28159050673212266,0.46393305146243546
912,_KsRqWzmz3VleuTn-kHsNQ,Steak Eez,Kent,OH,3.0,0.4565870658180611,0.16228334364713998,0.27321351376602365,0.10791607676877527
916,_VHU9KZUHRLp2Hc2JOKlYg,Cioppino Restaurant & Cigar Bar,Pittsburgh,PA,4.0,0.3538017513912003,0.0422627001251204,0.3341959444810435,0.2697396040026357
921,_XVHWZ_epQZkDxg1alyD-g,Brown Derby,Mentor,OH,2.5,0.2054748988575157,0.03594527618866892,0.31754650396542816,0.44103332098838716
926,_dcX-gXs3VxTBmURWdnTOw,Buck & Honeys,Sun Prairie,WI,3.5,0.32627158569165354,0.15002889128396896,0.3350723587263063,0.18862716429807122
931,_ta7UaBqMTcF25JZy_5YHQ,Applebee's Grill + Bar,Macedonia,OH,2.5,0.35182360171900084,0.06862599443652069,0.2459714734357807,0.3335789304086978
936,axGP6FXAZlBdmdN9juu1tQ,"Miami Nights Grill, Bar, & Lounge",Westlake,OH,2.5,0.31522059792311796,0.0,0.39986802435630386,0.2849113777205782
941,bJGtHxejEJboO2o_DtaPEQ,Applebee's Grill + Bar,McMurray,PA,3.0,0.3715048942798396,0.10586617658681072,0.20445014957784663,0.318178779555503
946,binymvD2QxETihoAmHOMSQ,Austin's Smokin' Steakhouse,Cleveland,OH,3.0,0.19733181064601824,0.07395399511945279,0.35274385071992553,0.3759703435146033
951,bkh5o6bCzDCovSkRYBsU1w,LongHorn Steakhouse,Champaign,IL,3.0,0.12864594020629608,0.03430788090941521,0.42263039097446675,0.414415787909822
956,br_d4kDitXax4QOb6IaXPw,Lone Star Steakhouse & Saloon,Pittsburgh,PA,3.5,0.3636911350119316,0.1199354579309625,0.20957016538134043,0.3068032416757655
960,c3FFDloejdmsPZti7wjR0g,Texas Roadhouse,Elyria,OH,3.0,0.1735736889368452,0.05373479362145668,0.37878634021351326,0.393905177228185
965,cAX-srNrvlifjfov_jpQ1w,Texas de Brazil,Pittsburgh,PA,4.0,0.41326811528301927,0.01802361742275513,0.24852737391649926,0.31532652444568765
970,cOAjHOGcmXWJEd1Xo3xt0w,XO Seafood & Oysters,Beachwood,OH,3.5,0.13881336989199589,0.00817822522243489,0.36867792693867435,0.484330477946895
975,cpRiIxqubDa4JV58ZR7-cg,Pittsburgh Steak Company,Pittsburgh,PA,2.5,0.25756094273054286,0.043457403305616905,0.170822977319869,0.5281586766439712
980,cs-bfjBie4uwCW99yZmlqw,LongHorn Steakhouse,Tarentum,PA,3.5,0.18175797951330633,0.04713067280311282,0.21276985192292108,0.5583414957606598
985,d6VYQbeTZ_WdD8Uuhh35dg,Tempest Oyster Bar,Madison,WI,4.0,0.37673733213778937,0.0748858122184945,0.2896701985582621,0.2587066570854539
990,dh1S06LtJqMRRpGcePn5Cg,Zach's Place,Berea,OH,3.0,0.40783732993526417,0.10067059327549786,0.3515910907348757,0.13990098605436227
994,dt5yEGC8yy_V7FAC1AcWdw,Steak Escape East Towne Mall,Madison,WI,2.0,0.11934572616035355,0.2510860636630439,0.23707859048868604,0.39248961968791657
997,eF2jf-E5ktRQIh_4_-Jxsg,Cannon's Chop House,Canonsburg,PA,3.5,0.23927261094996413,0.09599517871323734,0.34264415775063267,0.32208805258616596
1002,eHgKGBAl8o3VCBi4YrQ3FQ,Applebee's Grill + Bar,Avon,OH,3.0,0.44385730081315444,0.022076110553964058,0.35318883255725325,0.1808777560756283
1007,efTPzpiSkxbgNlQOtwyVOA,Medina Steak and Seafood Company,Medina,OH,3.0,0.1883047366386396,0.036351762343673294,0.44875850974212456,0.32658499127556256
1012,ewEDv_q-K0fV0FepkHB8sA,Tornado Steak House,Madison,WI,4.0,0.2723855481531707,0.13989328369552298,0.21409693151669676,0.37362423663460953
1017,f64hS5UYq102ApvdYUf9nA,Applebee's Grill + Bar,Elyria,OH,3.0,0.19854795583121518,0.01437454318940748,0.6161671580281282,0.1709103429512491
1022,f79mtjCKvrBtd5aEtaMTYQ,Buccis,Middleburg Heights,OH,3.0,0.3368567721664726,0.04798755414050371,0.38855409927230683,0.2266015744207169
1027,fROpvJ_V9q6dAXbi4VwtoA,The Capital Grille,Lyndhurst,OH,4.0,0.16876161548100635,0.05040528849663549,0.3953476035385343,0.38548549248382386
1032,fja2EnaSxKu1D7uctMhw-w,Red The Steakhouse,Cleveland,OH,4.0,0.12300062717976308,0.03488053902129409,0.3245440525316013,0.5175747812673415
1037,foQBU09EoYrJpokEz-Ueug,C-Town Grill & Bar,Broadview Heights,OH,3.5,0.6281622609975855,0.003962251092095146,0.3678754879103194,0.0
1040,fzL7sTgCYhoSIUpcQ7mrBA,Elliott's BBQ and Steakhouse,Pittsburgh,PA,3.5,0.2696803039633053,0.04565855072373244,0.37014355277317784,0.3145175925397845
1045,g0APw_zhwwHoLjSlHEsTzw,Applebee's Grill + Bar,Middleburg Heights,OH,2.5,0.2979738265068566,0.10866458371962481,0.44055438170163475,0.15280720807188383
1050,g6aWPjcKukfK1-Po70Lhyw,Wonder Bar Steakhouse,Madison,WI,3.5,0.2904885438318696,0.08053180161220591,0.2728070676905463,0.35617258686537817
1055,gVrOjfdnijDwxivLTHiBAg,Applebee's Grill + Bar,Lorain,OH,2.5,0.4038078927545103,0.11848592635430666,0.32399071027861415,0.1537154706125689
1060,gcS73XxT2xbLSOtRy9yYkA,Wild Eagle Steak & Saloon,Broadview Heights,OH,2.5,0.3637992067775019,0.12443670571795667,0.3664548542506724,0.14530923325386919
1065,gchI4BdZ76teMX9BsI2H-w,Maria's Family Restaurant,Euclid,OH,3.0,0.3716766538649073,0.0064860216703348005,0.6021774205638565,0.019659903900901367
1070,gk5zSldov0A3do1q8kLUDw,Lancer's Bar & Lounge,Cleveland,OH,5.0,0.24249451746349646,0.14354004805460024,0.39180366567290503,0.2221617688089983
1071,gqRfs-c6gx_tcIx63Fx4OQ,Harry Buffalo,Painesville,OH,2.5,0.496064801266699,0.15436217844764466,0.21656225758132205,0.13301076270433437
1076,guQww9yGHP7rRTea6zTnDg,Andrew's Steak and Seafood,Pittsburgh,PA,3.5,0.17886815505871603,0.03267574700551623,0.23006113430347708,0.5583949636322908
1081,gv47gtyCkw_8OyexHrqdDA,Rare Steakhouse,Madison,WI,4.0,0.15842132669754536,0.06169466774658726,0.3085770377691084,0.4713069677867588
1086,h-d71agFCi1IFWaaxPCwYA,Wise Guys Lounge & Grill,Akron,OH,4.0,0.21155934786299094,0.056269338248800385,0.34247733838230393,0.38969397550590473
1091,h-hXxl_9f-QdTYUIx0ar8A,Outback Steakhouse,Independence,OH,2.5,0.1735235014430856,0.030956596885914775,0.38956776862507997,0.4059521330459195
1096,hP2DOm7E2H4P7MOS7XN_SQ,Hamilton Walker's,Champaign,IL,3.5,0.2552236044037295,0.054769858022459365,0.36665197221708856,0.3233545653567226
1101,hUHIahAcew5i39D_6ZqEmQ,Donatos Fox Chapel,Pittsburgh,PA,3.0,0.2523208109416022,0.027975401417355626,0.24228932055173558,0.4774144670893065
1106,hXCoi8OuvdhIA-zXJiPvfg,Full Of Bull Famous Roast Beef,Madison,WI,2.5,0.3300507019236316,0.21298243869614047,0.2450969185765203,0.21186994080370763
1111,h_UvnQfe1cuVICly_kIqHg,Johnny Delmonico's Steakhouse,Madison,WI,4.0,0.14676136841916354,0.09183673120542625,0.2963620697257347,0.46503983064967536
1116,iEYCU5LV6FIr3kpvYltYrw,Cabin Club,Westlake,OH,4.0,0.22592171063165928,0.022961495755712564,0.3357211684304424,0.4153956251821861
1121,iSOaf_-deg1nIlCm3cuzvg,Capitol ChopHouse,Madison,WI,3.5,0.19514951089178265,0.09626918972140229,0.273168418472307,0.43541288091450814
1126,ijRCz1YX5Ws2UW_2G0Bz7w,Applebee's Grill + Bar,Pittsburgh,PA,3.0,0.31216151450123486,0.15341123700280265,0.2836299152499324,0.2507973332460301
1131,j4jsgp-e315s11ehJfRzAA,The Carlton,Pittsburgh,PA,4.0,0.24081078109002782,0.040735265202995224,0.41899445174451233,0.29945950196246474
1136,jUddhNjGAE6W7MQKaUEZ4Q,Ryan's,Champaign,IL,2.0,0.41843098436233067,0.03778695734070569,0.26006499753225437,0.2837170607647093
1141,jWlErd3TOkO4C0MgP8eDvw,Bella Vista,Pittsburgh,PA,3.0,0.24017932029626773,0.006107972655082261,0.4840663818021476,0.2696463252465024
1146,jdIVIQeNBDyYCpFIy52Cgg,Bratenahl Place Bistro,Bratenahl,OH,4.5,0.26008559771594775,0.030163717431926463,0.3868114780990535,0.3229392067530723
1149,jqBUVAWJRJ6QIGXVuhdVvw,Cadillac Ranch,Pittsburgh,PA,2.5,0.41746373687313787,0.02824986758500212,0.31595608217689525,0.23833031336496482
1154,jzr6jW5cQ0jpPhEo4kGMBw,LongHorn Steakhouse,Madison,WI,3.5,0.17915114786878641,0.06664520283060688,0.4310716368339463,0.32313201246666046
1159,k1FNfGvknWVC_GzirQThmA,Outback Steakhouse,Mentor,OH,2.5,0.23611211369972399,0.028292574232558074,0.29348293470469694,0.44211237736302095
1164,k7wXMfLPfsMfFHf5wBrZuw,Butch's Saloon,North Royalton,OH,2.5,0.1592419491254506,0.09338939315918884,0.19867933176879804,0.5486893259465625
1168,kkl0Jnord6laHQGkgZxG1Q,Applebee's Grill + Bar,Streetsboro,OH,3.0,0.27376299706031665,0.13742335507422984,0.44401978067209624,0.14479386719335727
1173,l_kfIryIyF_hcQsVxtmGMA,The Black Iron Grille,Kent,OH,3.5,0.17041328743302964,0.059312230495726544,0.3391080229219456,0.43116645914929824
1178,lpxj6LFir23Ds6swW8a6fg,Grandview Saloon,Pittsburgh,PA,3.0,0.359410195947115,0.08151640729853372,0.38792788523576816,0.1711455115185831
1183,lrL8WPWBesBm2cfUoLvwJA,LongHorn Steakhouse,Cuyahoga Falls,OH,3.5,0.21093132777124937,0.026353953609476486,0.30208084419627734,0.4606338744229968
1188,mJbrw3Y3NOjCKj2I5t8YsA,Hellriegel's Inn,Painesville,OH,2.5,0.2023180104877632,0.07621542375095658,0.5747400210761321,0.14672654468514812
1192,mNsjRWm99TFmssgKJX_kyg,Great Scott Tavern,Euclid,OH,4.0,0.35054317260972806,0.07416721114856942,0.3635401127157154,0.21174950352598723
1197,mUMb6sxFa9JZYQbI9RDs0Q,Applebee's Grill + Bar,Brooklyn,OH,3.0,0.2196788515174955,0.08740952483714294,0.4566745564452364,0.23623706720012513
1202,mZYKqiK-9fzifbFbeEbP1w,McCormick & Schmick's Seafood & Steaks,Pittsburgh,PA,3.0,0.4100441352400161,0.04048133397736459,0.27799511583646536,0.2714794149461541
1207,nRmTDIs3Gbis9aX2-v1qcw,Shula's 2 Steak & Sports,Cleveland,OH,3.0,0.2814004675850298,0.07682731179341405,0.3823910027259368,0.2593812178956194
1212,nTj1Yi5TyRErrP8k8H3C3g,Kavanaugh's Esquire Club,Madison,WI,3.0,0.3585306006042642,0.2323542066402034,0.2791574632561615,0.12995772949937096
1217,nXr2CBXYxdXYm-tWn91KCg,Quaker Steak & Lube,Pittsburgh,PA,3.5,0.4465924967686014,0.0915175498887377,0.3103471178320801,0.1515428355105808
1219,ndzT1maiVwpz-7VFFzAb5Q,Eddie V's Prime Seafood,Pittsburgh,PA,4.5,0.20102281907313005,0.025527475170511155,0.3817116309904085,0.3917380747659502
1224,nfJHNu_AQXptaTQIHjpAoQ,LongHorn Steakhouse,Pittsburgh,PA,3.5,0.20127541110549374,0.038557070686626276,0.2702878025795734,0.48987971562830673
1229,nhZ1HGWD8lMErdn3FuWuTQ,Applebee's Grill + Bar,Rocky River,OH,3.0,0.40062093536741106,0.006352837014102087,0.4003555408164361,0.19267068680205074
1234,ntds2JP29DPYp765oFqptw,Rusty Anchor,Cleveland,OH,3.5,0.2592652402329987,0.03523561618982477,0.3937062199503238,0.31179292362685274
1239,nv1XdkWviHXO7N6mK8O1yg,Don's Lighthouse,Cleveland,OH,3.5,0.27521218854798013,0.048024337959343216,0.29479301004345265,0.3819704634492239
1244,nxAo0oDgsNlduzUuuUL4Fg,Steak ’n Shake,Munhall,PA,2.0,0.2735356299241926,0.15316734495562026,0.2846508985851398,0.28864612653504734
1249,oG5Sz7phCksWWjITJlgJNA,Outback Steakhouse,Lyndhurst,OH,3.5,0.008675624133964579,0.0,0.982117281442165,0.009207094423870485
1251,oq9bF1KUzSldObMSQ_aalQ,Quaker Steak & Lube,Valley View,OH,3.0,0.4370804243798717,0.11635580738190104,0.3046136758255907,0.14195009241263645
1256,p1YmWxE6GG0V9dJP0239QA,Moss' Prime Rib & Spaghetti House,Elyria,OH,3.0,0.43932013316679325,0.012206650393887067,0.46872297520320744,0.07975024123611238
1261,p26WM22RrRvkyEztJd57ag,Urban Roadhouse,Mentor,OH,3.5,0.19058856742804256,0.04302701519275641,0.3987526050413993,0.3676318123378018
1266,p3DmeeCNz-BdijenlxGI2A,Outback Steakhouse,Monroeville,PA,3.0,0.24112227326290106,0.06374766975279507,0.31201169775830856,0.3831183592259954
1271,p5TW1LnrPWYnZr2SNe6aiA,Quaker Steak & Lube,Medina,OH,3.0,0.4235086363698285,0.11674502830684551,0.24830463967274563,0.21144169565058046
1276,pP4MRsHfrage-sm4mXYFAQ,Applebee's Grill + Bar,University Heights,OH,2.0,0.25022009843079845,0.08402315224835781,0.4402804511892282,0.2254762981316156
1281,q5viyMO6EtJMmmarb4YmIA,Kosar's Wood-Fired Grill,Northfield,OH,3.0,0.248207752281316,0.0436075890308664,0.3246643056148843,0.38352035307293325
1286,qELIf4gzE_vlteu7pO7TZg,Atria's Restaurant,Pittsburgh,PA,3.0,0.34898135823590654,0.08263005390806025,0.4099072187184102,0.15848136913762303
1291,qLy2F9EzCsFYIKd40OJvZA,Red The Steakhouse,Pittsburgh,PA,3.0,0.2255265825091019,0.060619856140103165,0.33143813319966015,0.38241542815113483
1296,qQMvHvHnVIEHaOSxTEIu9A,The Hilltop,Cross Plains,WI,3.5,0.3678960108994231,0.22770492431019548,0.22103548681995183,0.18336357797042954
1301,qb8TiKsNTUqq4P-u6zQLDg,Atria's Restaurant,McMurray,PA,3.5,0.2850206354808479,0.05880376380774275,0.39213467598518803,0.2640409247262215
1306,qw6gr0f7yIuG5WCcYLQBSA,Bistro 70,Painesville,OH,4.5,0.260704249007827,0.02769766006323381,0.47572347761675243,0.23587461331218681
1311,r0DureDzsHpzs_VZem5k7g,Outback Steakhouse,Westlake,OH,3.0,0.23992821880588136,0.0162712330971411,0.3390992680479161,0.4047012800490614
1316,r_QcMIgY2zxdcV40kK_rxw,Applebee's Grill + Bar,Champaign,IL,2.0,0.28710109954509777,0.29499141011127,0.36757069447778207,0.05033679586585019
1320,raWVzvuD8Se-nRliuuM9aw,The Original Roadhouse,Willoughby,OH,3.0,0.06272450895261382,0.05656274795496674,0.18992213834795893,0.6907906047444605
